1.000000000000000000e+00 6.540622711181640625e-01
1.000000000000000000e+00 8.757587671279907227e-01
0.000000000000000000e+00 4.723092913627624512e-01
1.000000000000000000e+00 6.841980814933776855e-01
1.000000000000000000e+00 6.661090254783630371e-01
1.000000000000000000e+00 2.364925891160964966e-01
1.000000000000000000e+00 2.586529552936553955e-01
1.000000000000000000e+00 9.428238272666931152e-01
1.000000000000000000e+00 8.670164942741394043e-01
1.000000000000000000e+00 4.370153844356536865e-01
0.000000000000000000e+00 6.053833365440368652e-01
1.000000000000000000e+00 5.939295887947082520e-01
1.000000000000000000e+00 5.899823307991027832e-01
1.000000000000000000e+00 4.719973504543304443e-01
0.000000000000000000e+00 2.756082117557525635e-01
1.000000000000000000e+00 6.441013216972351074e-01
1.000000000000000000e+00 7.100664377212524414e-01
1.000000000000000000e+00 3.827135562896728516e-01
1.000000000000000000e+00 5.176340937614440918e-01
1.000000000000000000e+00 6.984811425209045410e-01
0.000000000000000000e+00 6.942038536071777344e-01
0.000000000000000000e+00 3.200414478778839111e-01
1.000000000000000000e+00 2.836943566799163818e-01
1.000000000000000000e+00 4.558047950267791748e-01
0.000000000000000000e+00 5.657185316085815430e-01
1.000000000000000000e+00 6.375117897987365723e-01
0.000000000000000000e+00 6.035223603248596191e-01
1.000000000000000000e+00 6.469715833663940430e-01
0.000000000000000000e+00 3.775799870491027832e-01
0.000000000000000000e+00 5.671851038932800293e-01
1.000000000000000000e+00 9.500145912170410156e-01
1.000000000000000000e+00 4.352558553218841553e-01
0.000000000000000000e+00 3.994581401348114014e-01
1.000000000000000000e+00 9.006499052047729492e-01
1.000000000000000000e+00 9.741919636726379395e-01
0.000000000000000000e+00 1.413943618535995483e-01
1.000000000000000000e+00 2.296319305896759033e-01
0.000000000000000000e+00 1.644663512706756592e-01
1.000000000000000000e+00 8.065526485443115234e-01
0.000000000000000000e+00 3.822902143001556396e-01
1.000000000000000000e+00 7.146278619766235352e-01
0.000000000000000000e+00 8.761144280433654785e-01
1.000000000000000000e+00 8.447934389114379883e-01
1.000000000000000000e+00 2.822719812393188477e-01
1.000000000000000000e+00 6.255242228507995605e-01
1.000000000000000000e+00 7.246518135070800781e-01
0.000000000000000000e+00 3.770547211170196533e-01
1.000000000000000000e+00 4.965195953845977783e-01
1.000000000000000000e+00 6.941082477569580078e-01
1.000000000000000000e+00 3.037866652011871338e-01
0.000000000000000000e+00 1.984258741140365601e-01
0.000000000000000000e+00 2.472147047519683838e-01
1.000000000000000000e+00 2.836547195911407471e-01
1.000000000000000000e+00 5.672962665557861328e-01
0.000000000000000000e+00 6.609488129615783691e-01
0.000000000000000000e+00 6.189038753509521484e-01
0.000000000000000000e+00 5.196073055267333984e-01
0.000000000000000000e+00 3.608008921146392822e-01
0.000000000000000000e+00 6.937849521636962891e-01
1.000000000000000000e+00 7.411369681358337402e-01
0.000000000000000000e+00 5.373122692108154297e-01
1.000000000000000000e+00 3.737942874431610107e-01
0.000000000000000000e+00 9.687355905771255493e-02
1.000000000000000000e+00 3.260141313076019287e-01
0.000000000000000000e+00 4.594084024429321289e-01
0.000000000000000000e+00 2.428363263607025146e-01
0.000000000000000000e+00 7.240075469017028809e-01
1.000000000000000000e+00 7.480956912040710449e-01
0.000000000000000000e+00 3.431271314620971680e-01
1.000000000000000000e+00 2.949285805225372314e-01
0.000000000000000000e+00 5.603002309799194336e-01
1.000000000000000000e+00 7.283953428268432617e-01
1.000000000000000000e+00 5.907399654388427734e-01
0.000000000000000000e+00 2.073075324296951294e-01
0.000000000000000000e+00 2.876686751842498779e-01
0.000000000000000000e+00 4.011386334896087646e-01
0.000000000000000000e+00 5.406084060668945312e-01
1.000000000000000000e+00 3.066729009151458740e-01
1.000000000000000000e+00 6.637736558914184570e-01
1.000000000000000000e+00 4.466118216514587402e-01
0.000000000000000000e+00 4.302173554897308350e-01
0.000000000000000000e+00 1.428026854991912842e-01
1.000000000000000000e+00 7.037570476531982422e-01
1.000000000000000000e+00 9.717130064964294434e-01
0.000000000000000000e+00 4.619299769401550293e-01
0.000000000000000000e+00 2.828129231929779053e-01
1.000000000000000000e+00 8.864964842796325684e-01
1.000000000000000000e+00 2.520828247070312500e-01
1.000000000000000000e+00 8.745056390762329102e-01
0.000000000000000000e+00 7.039927840232849121e-01
0.000000000000000000e+00 3.694799542427062988e-01
0.000000000000000000e+00 3.313114643096923828e-01
0.000000000000000000e+00 5.370940566062927246e-01
0.000000000000000000e+00 4.713428914546966553e-01
0.000000000000000000e+00 4.295123517513275146e-01
0.000000000000000000e+00 2.026536315679550171e-01
1.000000000000000000e+00 3.932330310344696045e-01
0.000000000000000000e+00 4.443338811397552490e-01
0.000000000000000000e+00 5.879801511764526367e-01
1.000000000000000000e+00 7.479770183563232422e-01
0.000000000000000000e+00 1.133763343095779419e-01
1.000000000000000000e+00 9.083809256553649902e-01
0.000000000000000000e+00 2.337464094161987305e-01
1.000000000000000000e+00 7.757279276847839355e-01
1.000000000000000000e+00 5.858455300331115723e-01
0.000000000000000000e+00 4.072176218032836914e-01
0.000000000000000000e+00 4.198369979858398438e-01
0.000000000000000000e+00 1.346673518419265747e-01
0.000000000000000000e+00 5.888651013374328613e-01
0.000000000000000000e+00 5.071328878402709961e-01
0.000000000000000000e+00 9.590502083301544189e-02
0.000000000000000000e+00 3.063394427299499512e-01
1.000000000000000000e+00 4.613290429115295410e-01
1.000000000000000000e+00 2.364868819713592529e-01
1.000000000000000000e+00 5.128515362739562988e-01
1.000000000000000000e+00 9.033948183059692383e-01
0.000000000000000000e+00 2.531245946884155273e-01
1.000000000000000000e+00 5.235148072242736816e-01
1.000000000000000000e+00 3.895657062530517578e-01
0.000000000000000000e+00 3.577609956264495850e-01
1.000000000000000000e+00 4.900241494178771973e-01
1.000000000000000000e+00 3.665023446083068848e-01
1.000000000000000000e+00 4.430976212024688721e-01
1.000000000000000000e+00 3.468488752841949463e-01
1.000000000000000000e+00 6.030953526496887207e-01
0.000000000000000000e+00 3.460623323917388916e-01
1.000000000000000000e+00 6.150489449501037598e-01
0.000000000000000000e+00 3.789414763450622559e-01
1.000000000000000000e+00 7.025037407875061035e-01
1.000000000000000000e+00 7.290905117988586426e-01
1.000000000000000000e+00 7.962747812271118164e-01
1.000000000000000000e+00 9.574354290962219238e-01
1.000000000000000000e+00 6.339624524116516113e-01
1.000000000000000000e+00 3.106308877468109131e-01
1.000000000000000000e+00 9.441445469856262207e-01
0.000000000000000000e+00 3.267968297004699707e-01
1.000000000000000000e+00 4.518001675605773926e-01
0.000000000000000000e+00 4.175796508789062500e-01
0.000000000000000000e+00 3.739262521266937256e-01
1.000000000000000000e+00 5.207977890968322754e-01
1.000000000000000000e+00 2.598655819892883301e-01
1.000000000000000000e+00 7.095470428466796875e-01
0.000000000000000000e+00 5.879076719284057617e-01
1.000000000000000000e+00 5.734938979148864746e-01
1.000000000000000000e+00 5.305653214454650879e-01
1.000000000000000000e+00 5.183345675468444824e-01
0.000000000000000000e+00 1.028541773557662964e-01
1.000000000000000000e+00 7.583230733871459961e-01
1.000000000000000000e+00 7.521048188209533691e-01
1.000000000000000000e+00 3.576325476169586182e-01
1.000000000000000000e+00 8.007327914237976074e-01
0.000000000000000000e+00 7.650649547576904297e-01
1.000000000000000000e+00 3.423163294792175293e-01
0.000000000000000000e+00 3.909332454204559326e-01
0.000000000000000000e+00 4.939523935317993164e-01
0.000000000000000000e+00 8.534153699874877930e-01
1.000000000000000000e+00 9.654436707496643066e-01
0.000000000000000000e+00 1.716582626104354858e-01
1.000000000000000000e+00 2.271521687507629395e-01
0.000000000000000000e+00 4.838819801807403564e-01
0.000000000000000000e+00 1.481526941061019897e-01
1.000000000000000000e+00 5.446169972419738770e-01
0.000000000000000000e+00 3.164147436618804932e-01
1.000000000000000000e+00 9.220907092094421387e-01
0.000000000000000000e+00 2.827197611331939697e-01
1.000000000000000000e+00 5.220916867256164551e-01
0.000000000000000000e+00 2.837238311767578125e-01
1.000000000000000000e+00 6.199406385421752930e-01
0.000000000000000000e+00 3.182259798049926758e-01
0.000000000000000000e+00 4.880767762660980225e-01
1.000000000000000000e+00 7.125281095504760742e-01
1.000000000000000000e+00 8.186287879943847656e-01
1.000000000000000000e+00 3.339996933937072754e-01
0.000000000000000000e+00 7.716128826141357422e-01
1.000000000000000000e+00 5.977970957756042480e-01
0.000000000000000000e+00 4.892982840538024902e-01
1.000000000000000000e+00 6.804769486188888550e-02
0.000000000000000000e+00 2.429222315549850464e-01
1.000000000000000000e+00 3.697280883789062500e-01
0.000000000000000000e+00 4.611680507659912109e-01
0.000000000000000000e+00 4.388232827186584473e-01
0.000000000000000000e+00 2.073390185832977295e-01
1.000000000000000000e+00 9.490942955017089844e-01
0.000000000000000000e+00 3.386297523975372314e-01
0.000000000000000000e+00 6.012849807739257812e-01
0.000000000000000000e+00 3.795792460441589355e-01
