1.000000000000000000e+00 5.501437187194824219e-01
1.000000000000000000e+00 4.643716514110565186e-01
1.000000000000000000e+00 4.009916782379150391e-01
0.000000000000000000e+00 3.801495432853698730e-01
1.000000000000000000e+00 6.569839119911193848e-01
1.000000000000000000e+00 6.480839252471923828e-01
1.000000000000000000e+00 4.173692166805267334e-01
0.000000000000000000e+00 4.061647355556488037e-01
1.000000000000000000e+00 4.138928353786468506e-01
1.000000000000000000e+00 4.519560635089874268e-01
1.000000000000000000e+00 4.589352607727050781e-01
1.000000000000000000e+00 5.802417397499084473e-01
0.000000000000000000e+00 4.063252806663513184e-01
1.000000000000000000e+00 7.135483026504516602e-01
1.000000000000000000e+00 6.185175180435180664e-01
1.000000000000000000e+00 6.682955026626586914e-01
0.000000000000000000e+00 4.919170439243316650e-01
0.000000000000000000e+00 6.370285153388977051e-01
1.000000000000000000e+00 6.827252507209777832e-01
1.000000000000000000e+00 6.633473634719848633e-01
1.000000000000000000e+00 4.274720847606658936e-01
0.000000000000000000e+00 2.671646177768707275e-01
0.000000000000000000e+00 6.753863692283630371e-01
0.000000000000000000e+00 5.420570969581604004e-01
1.000000000000000000e+00 6.221567392349243164e-01
0.000000000000000000e+00 5.489846467971801758e-01
0.000000000000000000e+00 4.002253413200378418e-01
1.000000000000000000e+00 3.937814533710479736e-01
1.000000000000000000e+00 4.281427264213562012e-01
0.000000000000000000e+00 3.969075679779052734e-01
0.000000000000000000e+00 4.334469437599182129e-01
0.000000000000000000e+00 4.163135290145874023e-01
1.000000000000000000e+00 4.333501160144805908e-01
0.000000000000000000e+00 4.386353492736816406e-01
1.000000000000000000e+00 6.128182411193847656e-01
1.000000000000000000e+00 4.392613768577575684e-01
1.000000000000000000e+00 5.859462618827819824e-01
1.000000000000000000e+00 6.339841485023498535e-01
1.000000000000000000e+00 4.021184742450714111e-01
0.000000000000000000e+00 5.286146998405456543e-01
1.000000000000000000e+00 5.973975062370300293e-01
1.000000000000000000e+00 3.912780284881591797e-01
0.000000000000000000e+00 3.943864703178405762e-01
1.000000000000000000e+00 3.786562979221343994e-01
0.000000000000000000e+00 4.421599507331848145e-01
0.000000000000000000e+00 5.898445248603820801e-01
0.000000000000000000e+00 6.883468627929687500e-01
0.000000000000000000e+00 4.117256104946136475e-01
0.000000000000000000e+00 4.163690805435180664e-01
1.000000000000000000e+00 5.258541107177734375e-01
0.000000000000000000e+00 6.301375031471252441e-01
1.000000000000000000e+00 6.003615260124206543e-01
0.000000000000000000e+00 6.338756680488586426e-01
1.000000000000000000e+00 4.579802453517913818e-01
1.000000000000000000e+00 6.017014980316162109e-01
0.000000000000000000e+00 4.596605300903320312e-01
1.000000000000000000e+00 6.640231609344482422e-01
0.000000000000000000e+00 4.401876330375671387e-01
0.000000000000000000e+00 4.400982856750488281e-01
0.000000000000000000e+00 6.441397666931152344e-01
1.000000000000000000e+00 4.573056399822235107e-01
1.000000000000000000e+00 4.123635292053222656e-01
0.000000000000000000e+00 4.110619127750396729e-01
1.000000000000000000e+00 5.803035497665405273e-01
1.000000000000000000e+00 6.277740001678466797e-01
1.000000000000000000e+00 4.225047230720520020e-01
0.000000000000000000e+00 4.088046252727508545e-01
1.000000000000000000e+00 4.235220849514007568e-01
0.000000000000000000e+00 6.274790763854980469e-01
1.000000000000000000e+00 3.835567235946655273e-01
1.000000000000000000e+00 5.867703557014465332e-01
1.000000000000000000e+00 6.735981702804565430e-01
1.000000000000000000e+00 3.963207006454467773e-01
0.000000000000000000e+00 4.437778294086456299e-01
0.000000000000000000e+00 6.140692234039306641e-01
0.000000000000000000e+00 4.918276667594909668e-01
0.000000000000000000e+00 4.664074778556823730e-01
0.000000000000000000e+00 2.762030959129333496e-01
1.000000000000000000e+00 4.315742850303649902e-01
1.000000000000000000e+00 5.176454782485961914e-01
1.000000000000000000e+00 6.169055104255676270e-01
0.000000000000000000e+00 3.624934256076812744e-01
0.000000000000000000e+00 5.848584771156311035e-01
1.000000000000000000e+00 6.318576335906982422e-01
1.000000000000000000e+00 6.393414735794067383e-01
0.000000000000000000e+00 4.637992978096008301e-01
1.000000000000000000e+00 4.583864510059356689e-01
1.000000000000000000e+00 4.649200439453125000e-01
0.000000000000000000e+00 5.559743046760559082e-01
1.000000000000000000e+00 4.261437952518463135e-01
0.000000000000000000e+00 4.703764021396636963e-01
0.000000000000000000e+00 3.880326449871063232e-01
1.000000000000000000e+00 4.088918268680572510e-01
0.000000000000000000e+00 3.760280311107635498e-01
1.000000000000000000e+00 5.162743330001831055e-01
0.000000000000000000e+00 4.425148069858551025e-01
1.000000000000000000e+00 4.775248169898986816e-01
1.000000000000000000e+00 7.000622749328613281e-01
1.000000000000000000e+00 6.546782255172729492e-01
1.000000000000000000e+00 6.781206727027893066e-01
1.000000000000000000e+00 6.336521506309509277e-01
0.000000000000000000e+00 2.906964123249053955e-01
0.000000000000000000e+00 2.903222739696502686e-01
1.000000000000000000e+00 5.003221035003662109e-01
0.000000000000000000e+00 3.826940953731536865e-01
1.000000000000000000e+00 3.837101459503173828e-01
1.000000000000000000e+00 5.998175740242004395e-01
1.000000000000000000e+00 3.407949209213256836e-01
1.000000000000000000e+00 5.053039193153381348e-01
1.000000000000000000e+00 4.086078405380249023e-01
0.000000000000000000e+00 6.669866442680358887e-01
0.000000000000000000e+00 4.590937495231628418e-01
1.000000000000000000e+00 3.585321307182312012e-01
1.000000000000000000e+00 3.988820016384124756e-01
0.000000000000000000e+00 4.883852303028106689e-01
1.000000000000000000e+00 4.409970939159393311e-01
0.000000000000000000e+00 3.887183070182800293e-01
0.000000000000000000e+00 4.569066166877746582e-01
0.000000000000000000e+00 4.640231132507324219e-01
1.000000000000000000e+00 6.176761388778686523e-01
1.000000000000000000e+00 4.665544033050537109e-01
0.000000000000000000e+00 3.211332261562347412e-01
1.000000000000000000e+00 6.449742913246154785e-01
0.000000000000000000e+00 4.465392231941223145e-01
1.000000000000000000e+00 6.442083716392517090e-01
1.000000000000000000e+00 4.716046452522277832e-01
0.000000000000000000e+00 6.426372528076171875e-01
0.000000000000000000e+00 4.305248558521270752e-01
1.000000000000000000e+00 6.030709147453308105e-01
1.000000000000000000e+00 4.752936661243438721e-01
0.000000000000000000e+00 4.575709104537963867e-01
0.000000000000000000e+00 4.425884485244750977e-01
0.000000000000000000e+00 4.362726211547851562e-01
0.000000000000000000e+00 3.822304904460906982e-01
1.000000000000000000e+00 4.839101731777191162e-01
1.000000000000000000e+00 3.792818188667297363e-01
1.000000000000000000e+00 5.843856930732727051e-01
1.000000000000000000e+00 6.328794956207275391e-01
1.000000000000000000e+00 6.670343279838562012e-01
1.000000000000000000e+00 4.495311975479125977e-01
0.000000000000000000e+00 3.526944518089294434e-01
1.000000000000000000e+00 4.876824915409088135e-01
0.000000000000000000e+00 3.864701092243194580e-01
0.000000000000000000e+00 6.885364651679992676e-01
0.000000000000000000e+00 3.631572127342224121e-01
1.000000000000000000e+00 4.444980323314666748e-01
1.000000000000000000e+00 5.749176144599914551e-01
0.000000000000000000e+00 3.466082215309143066e-01
1.000000000000000000e+00 4.587188959121704102e-01
1.000000000000000000e+00 5.789859890937805176e-01
1.000000000000000000e+00 5.948008894920349121e-01
0.000000000000000000e+00 4.017039239406585693e-01
1.000000000000000000e+00 5.878683328628540039e-01
1.000000000000000000e+00 5.398026108741760254e-01
1.000000000000000000e+00 3.977452516555786133e-01
0.000000000000000000e+00 2.966138720512390137e-01
1.000000000000000000e+00 5.312429070472717285e-01
0.000000000000000000e+00 4.978244602680206299e-01
0.000000000000000000e+00 3.934932947158813477e-01
0.000000000000000000e+00 4.080246388912200928e-01
1.000000000000000000e+00 3.559818863868713379e-01
0.000000000000000000e+00 3.527992963790893555e-01
0.000000000000000000e+00 4.487890601158142090e-01
0.000000000000000000e+00 4.619713425636291504e-01
1.000000000000000000e+00 6.005471944808959961e-01
0.000000000000000000e+00 3.895865976810455322e-01
1.000000000000000000e+00 5.056727528572082520e-01
1.000000000000000000e+00 6.235688328742980957e-01
0.000000000000000000e+00 3.611539602279663086e-01
0.000000000000000000e+00 4.738816320896148682e-01
0.000000000000000000e+00 4.083802103996276855e-01
0.000000000000000000e+00 4.122210741043090820e-01
1.000000000000000000e+00 6.254563331604003906e-01
1.000000000000000000e+00 5.917692780494689941e-01
1.000000000000000000e+00 4.266976118087768555e-01
1.000000000000000000e+00 5.941923856735229492e-01
0.000000000000000000e+00 4.291287958621978760e-01
1.000000000000000000e+00 4.318571686744689941e-01
0.000000000000000000e+00 4.408591389656066895e-01
1.000000000000000000e+00 4.158448874950408936e-01
1.000000000000000000e+00 6.507095694541931152e-01
1.000000000000000000e+00 4.039032757282257080e-01
1.000000000000000000e+00 5.579712390899658203e-01
1.000000000000000000e+00 3.607238829135894775e-01
0.000000000000000000e+00 3.725118935108184814e-01
1.000000000000000000e+00 3.956783413887023926e-01
