0.000000000000000000e+00 6.036847829818725586e-01
1.000000000000000000e+00 8.774654269218444824e-01
1.000000000000000000e+00 7.507575154304504395e-01
0.000000000000000000e+00 6.385228037834167480e-02
1.000000000000000000e+00 2.229702472686767578e-01
1.000000000000000000e+00 9.959755539894104004e-01
1.000000000000000000e+00 5.437928438186645508e-01
0.000000000000000000e+00 4.743725806474685669e-02
1.000000000000000000e+00 9.523671269416809082e-01
1.000000000000000000e+00 6.856328248977661133e-01
0.000000000000000000e+00 7.926725745201110840e-01
1.000000000000000000e+00 5.462846159934997559e-01
0.000000000000000000e+00 2.682203352451324463e-01
1.000000000000000000e+00 6.045176386833190918e-01
0.000000000000000000e+00 2.823760807514190674e-01
0.000000000000000000e+00 2.773030102252960205e-02
0.000000000000000000e+00 3.563223406672477722e-03
0.000000000000000000e+00 6.687918901443481445e-01
0.000000000000000000e+00 5.691840872168540955e-02
1.000000000000000000e+00 2.918870151042938232e-01
0.000000000000000000e+00 1.550919413566589355e-01
0.000000000000000000e+00 5.746767520904541016e-01
0.000000000000000000e+00 8.972910642623901367e-01
1.000000000000000000e+00 9.047570824623107910e-01
0.000000000000000000e+00 5.778022408485412598e-01
1.000000000000000000e+00 3.780625462532043457e-01
1.000000000000000000e+00 7.666875720024108887e-01
0.000000000000000000e+00 1.650453656911849976e-01
1.000000000000000000e+00 3.358882069587707520e-01
1.000000000000000000e+00 6.098677515983581543e-01
0.000000000000000000e+00 8.926330804824829102e-01
0.000000000000000000e+00 9.289073059335350990e-04
1.000000000000000000e+00 2.283438295125961304e-01
0.000000000000000000e+00 1.812986470758914948e-02
0.000000000000000000e+00 4.400667250156402588e-01
1.000000000000000000e+00 7.102879881858825684e-01
0.000000000000000000e+00 6.986368298530578613e-01
0.000000000000000000e+00 3.861348330974578857e-01
1.000000000000000000e+00 9.928544163703918457e-01
0.000000000000000000e+00 8.314441442489624023e-01
0.000000000000000000e+00 3.745831251144409180e-01
0.000000000000000000e+00 2.502501010894775391e-01
1.000000000000000000e+00 9.965026378631591797e-01
0.000000000000000000e+00 3.259513080120086670e-01
0.000000000000000000e+00 7.885743379592895508e-01
1.000000000000000000e+00 1.189545169472694397e-01
1.000000000000000000e+00 6.270760297775268555e-01
0.000000000000000000e+00 1.618424504995346069e-01
1.000000000000000000e+00 4.285566806793212891e-01
1.000000000000000000e+00 6.590764522552490234e-01
0.000000000000000000e+00 1.360512375831604004e-01
1.000000000000000000e+00 7.084215879440307617e-01
1.000000000000000000e+00 6.917933225631713867e-01
1.000000000000000000e+00 1.784339100122451782e-01
0.000000000000000000e+00 6.139892339706420898e-01
1.000000000000000000e+00 4.707089662551879883e-01
0.000000000000000000e+00 3.746515512466430664e-01
0.000000000000000000e+00 5.416815280914306641e-01
1.000000000000000000e+00 8.093322515487670898e-01
1.000000000000000000e+00 7.931927442550659180e-01
1.000000000000000000e+00 4.416606724262237549e-01
1.000000000000000000e+00 6.225582957267761230e-01
0.000000000000000000e+00 1.183627080172300339e-02
1.000000000000000000e+00 2.691194713115692139e-01
1.000000000000000000e+00 9.910554885864257812e-01
1.000000000000000000e+00 9.005525112152099609e-01
1.000000000000000000e+00 6.325106024742126465e-01
0.000000000000000000e+00 9.340025186538696289e-01
0.000000000000000000e+00 8.201230168342590332e-01
0.000000000000000000e+00 2.598401904106140137e-01
1.000000000000000000e+00 9.370518326759338379e-01
1.000000000000000000e+00 5.312463045120239258e-01
0.000000000000000000e+00 2.819693684577941895e-01
1.000000000000000000e+00 9.865309596061706543e-01
1.000000000000000000e+00 5.424129366874694824e-01
1.000000000000000000e+00 8.290988802909851074e-01
1.000000000000000000e+00 3.604649007320404053e-01
0.000000000000000000e+00 1.248850254341959953e-03
0.000000000000000000e+00 3.790333867073059082e-01
1.000000000000000000e+00 2.924638390541076660e-01
0.000000000000000000e+00 8.522331714630126953e-03
1.000000000000000000e+00 3.033622503280639648e-01
1.000000000000000000e+00 7.361572980880737305e-01
0.000000000000000000e+00 8.558526635169982910e-01
0.000000000000000000e+00 4.569646418094635010e-01
1.000000000000000000e+00 9.818322658538818359e-01
1.000000000000000000e+00 9.574372768402099609e-01
0.000000000000000000e+00 5.415309071540832520e-01
1.000000000000000000e+00 3.088763356208801270e-01
1.000000000000000000e+00 6.331362128257751465e-01
1.000000000000000000e+00 2.683165669441223145e-01
0.000000000000000000e+00 5.281129479408264160e-01
1.000000000000000000e+00 5.244768857955932617e-01
1.000000000000000000e+00 8.773040175437927246e-01
0.000000000000000000e+00 4.392090439796447754e-01
1.000000000000000000e+00 4.176337420940399170e-01
0.000000000000000000e+00 7.486860752105712891e-01
1.000000000000000000e+00 9.692822694778442383e-01
1.000000000000000000e+00 1.639508083462715149e-02
0.000000000000000000e+00 2.652055919170379639e-01
0.000000000000000000e+00 6.120096445083618164e-01
0.000000000000000000e+00 3.181586563587188721e-01
0.000000000000000000e+00 6.603052616119384766e-01
1.000000000000000000e+00 5.354238152503967285e-01
0.000000000000000000e+00 4.731942713260650635e-01
1.000000000000000000e+00 6.804112195968627930e-01
0.000000000000000000e+00 7.166879251599311829e-03
1.000000000000000000e+00 7.693701982498168945e-01
1.000000000000000000e+00 4.432325661182403564e-01
1.000000000000000000e+00 4.561282992362976074e-01
1.000000000000000000e+00 4.975105077028274536e-02
1.000000000000000000e+00 2.102761268615722656e-01
0.000000000000000000e+00 3.412577882409095764e-02
0.000000000000000000e+00 5.079596638679504395e-01
1.000000000000000000e+00 7.087047696113586426e-01
0.000000000000000000e+00 2.859531044960021973e-01
1.000000000000000000e+00 6.251839995384216309e-01
1.000000000000000000e+00 7.449009418487548828e-01
0.000000000000000000e+00 4.084735214710235596e-01
1.000000000000000000e+00 9.503422379493713379e-01
0.000000000000000000e+00 8.957172632217407227e-01
0.000000000000000000e+00 1.605086028575897217e-02
1.000000000000000000e+00 7.973138093948364258e-01
1.000000000000000000e+00 8.636284470558166504e-01
1.000000000000000000e+00 8.118404150009155273e-01
1.000000000000000000e+00 7.873813509941101074e-01
0.000000000000000000e+00 6.337160468101501465e-01
1.000000000000000000e+00 8.644903302192687988e-01
1.000000000000000000e+00 8.005250692367553711e-01
0.000000000000000000e+00 7.994537949562072754e-01
1.000000000000000000e+00 9.498890638351440430e-01
1.000000000000000000e+00 5.371088385581970215e-01
1.000000000000000000e+00 8.033094406127929688e-01
0.000000000000000000e+00 4.732690155506134033e-01
0.000000000000000000e+00 7.689224481582641602e-01
0.000000000000000000e+00 4.430519938468933105e-01
1.000000000000000000e+00 2.417357861995697021e-01
0.000000000000000000e+00 3.647780418395996094e-01
1.000000000000000000e+00 2.405412942171096802e-01
1.000000000000000000e+00 9.715211391448974609e-01
1.000000000000000000e+00 8.722265362739562988e-01
0.000000000000000000e+00 5.484769940376281738e-01
0.000000000000000000e+00 3.591197431087493896e-01
0.000000000000000000e+00 8.220865130424499512e-01
1.000000000000000000e+00 3.668762445449829102e-01
1.000000000000000000e+00 6.250358223915100098e-01
1.000000000000000000e+00 6.660135984420776367e-01
1.000000000000000000e+00 5.711373090744018555e-01
0.000000000000000000e+00 5.534698963165283203e-01
0.000000000000000000e+00 7.776023149490356445e-01
1.000000000000000000e+00 4.584836661815643311e-01
1.000000000000000000e+00 5.477908849716186523e-01
0.000000000000000000e+00 1.831445656716823578e-02
1.000000000000000000e+00 4.869720637798309326e-01
1.000000000000000000e+00 5.974124073982238770e-01
0.000000000000000000e+00 1.876273890957236290e-04
1.000000000000000000e+00 6.098191738128662109e-01
0.000000000000000000e+00 5.310922265052795410e-01
1.000000000000000000e+00 1.726734489202499390e-01
0.000000000000000000e+00 5.157409906387329102e-01
1.000000000000000000e+00 5.717009902000427246e-01
1.000000000000000000e+00 4.854923188686370850e-01
0.000000000000000000e+00 2.072004526853561401e-01
0.000000000000000000e+00 8.119010329246520996e-01
1.000000000000000000e+00 4.305858314037322998e-01
1.000000000000000000e+00 9.534988999366760254e-01
0.000000000000000000e+00 1.647358876653015614e-03
1.000000000000000000e+00 8.023652434349060059e-01
1.000000000000000000e+00 2.847664654254913330e-01
1.000000000000000000e+00 9.239468574523925781e-01
1.000000000000000000e+00 7.382674217224121094e-01
1.000000000000000000e+00 7.721362709999084473e-01
1.000000000000000000e+00 7.801520824432373047e-01
1.000000000000000000e+00 7.672209739685058594e-01
0.000000000000000000e+00 7.322554588317871094e-01
0.000000000000000000e+00 8.300452232360839844e-01
1.000000000000000000e+00 2.261832952499389648e-01
0.000000000000000000e+00 5.850700736045837402e-01
1.000000000000000000e+00 4.735139310359954834e-01
1.000000000000000000e+00 3.346503674983978271e-01
1.000000000000000000e+00 4.047989547252655029e-01
0.000000000000000000e+00 6.691168546676635742e-01
0.000000000000000000e+00 6.096832156181335449e-01
0.000000000000000000e+00 5.710288286209106445e-01
1.000000000000000000e+00 5.915187597274780273e-01
1.000000000000000000e+00 6.309921741485595703e-01
