1.000000000000000000e+00 2.248575985431671143e-01
1.000000000000000000e+00 2.931309640407562256e-01
0.000000000000000000e+00 7.715180516242980957e-01
1.000000000000000000e+00 6.578428745269775391e-01
1.000000000000000000e+00 6.533066630363464355e-01
1.000000000000000000e+00 7.013246417045593262e-01
1.000000000000000000e+00 6.450370550155639648e-01
0.000000000000000000e+00 4.245043396949768066e-01
1.000000000000000000e+00 1.179990172386169434e-01
0.000000000000000000e+00 4.097376465797424316e-01
0.000000000000000000e+00 3.847544789314270020e-01
1.000000000000000000e+00 3.100712299346923828e-01
1.000000000000000000e+00 5.717421770095825195e-01
0.000000000000000000e+00 1.906369328498840332e-01
0.000000000000000000e+00 4.626191258430480957e-01
0.000000000000000000e+00 7.230509519577026367e-01
1.000000000000000000e+00 7.417248487472534180e-01
0.000000000000000000e+00 1.081975698471069336e-01
0.000000000000000000e+00 3.588553667068481445e-01
1.000000000000000000e+00 3.235118389129638672e-01
1.000000000000000000e+00 4.411954283714294434e-01
1.000000000000000000e+00 5.717894434928894043e-01
1.000000000000000000e+00 7.514281868934631348e-01
1.000000000000000000e+00 6.031142473220825195e-01
0.000000000000000000e+00 2.329145371913909912e-01
0.000000000000000000e+00 4.461301565170288086e-01
0.000000000000000000e+00 2.446489930152893066e-01
1.000000000000000000e+00 5.591990947723388672e-01
0.000000000000000000e+00 5.563759803771972656e-01
1.000000000000000000e+00 5.668352246284484863e-01
1.000000000000000000e+00 7.243263125419616699e-01
0.000000000000000000e+00 2.909065186977386475e-01
0.000000000000000000e+00 1.111111342906951904e-01
1.000000000000000000e+00 5.255888104438781738e-01
1.000000000000000000e+00 7.154905796051025391e-01
1.000000000000000000e+00 2.516868412494659424e-01
0.000000000000000000e+00 3.276815414428710938e-01
1.000000000000000000e+00 3.223255276679992676e-01
1.000000000000000000e+00 7.505842447280883789e-01
1.000000000000000000e+00 6.974704265594482422e-01
0.000000000000000000e+00 1.451827883720397949e-01
0.000000000000000000e+00 1.539313793182373047e-01
1.000000000000000000e+00 4.909900724887847900e-01
1.000000000000000000e+00 6.387842297554016113e-01
0.000000000000000000e+00 3.275105357170104980e-01
0.000000000000000000e+00 2.306152582168579102e-01
1.000000000000000000e+00 6.981534361839294434e-01
0.000000000000000000e+00 3.227884769439697266e-01
0.000000000000000000e+00 4.056761264801025391e-01
0.000000000000000000e+00 3.048980832099914551e-01
1.000000000000000000e+00 7.584148645401000977e-01
1.000000000000000000e+00 1.082195937633514404e-01
0.000000000000000000e+00 3.033297657966613770e-01
0.000000000000000000e+00 4.517387449741363525e-01
1.000000000000000000e+00 7.262255549430847168e-01
0.000000000000000000e+00 1.355734169483184814e-01
0.000000000000000000e+00 7.202894091606140137e-01
1.000000000000000000e+00 6.280008554458618164e-01
0.000000000000000000e+00 4.345187842845916748e-01
0.000000000000000000e+00 2.440254092216491699e-01
0.000000000000000000e+00 1.140780448913574219e-01
0.000000000000000000e+00 4.485822021961212158e-01
0.000000000000000000e+00 5.764977931976318359e-01
1.000000000000000000e+00 6.059833765029907227e-01
1.000000000000000000e+00 7.583606839179992676e-01
1.000000000000000000e+00 7.039422988891601562e-01
0.000000000000000000e+00 1.900583505630493164e-01
0.000000000000000000e+00 4.206397831439971924e-01
1.000000000000000000e+00 6.662759184837341309e-01
1.000000000000000000e+00 3.285799026489257812e-01
0.000000000000000000e+00 5.293340682983398438e-01
1.000000000000000000e+00 2.768304347991943359e-01
1.000000000000000000e+00 7.121772766113281250e-01
1.000000000000000000e+00 4.343633353710174561e-01
0.000000000000000000e+00 7.001833319664001465e-01
1.000000000000000000e+00 7.389596700668334961e-01
1.000000000000000000e+00 7.339687347412109375e-01
0.000000000000000000e+00 5.161644816398620605e-01
0.000000000000000000e+00 3.203906416893005371e-01
0.000000000000000000e+00 1.256045997142791748e-01
0.000000000000000000e+00 2.209564745426177979e-01
1.000000000000000000e+00 3.350005745887756348e-01
1.000000000000000000e+00 4.998266398906707764e-01
0.000000000000000000e+00 4.180034101009368896e-01
0.000000000000000000e+00 6.943463087081909180e-01
1.000000000000000000e+00 5.400595068931579590e-01
1.000000000000000000e+00 3.089341819286346436e-01
1.000000000000000000e+00 6.557358503341674805e-01
1.000000000000000000e+00 6.819016933441162109e-01
0.000000000000000000e+00 3.177240788936614990e-01
0.000000000000000000e+00 5.236819386482238770e-01
0.000000000000000000e+00 4.223223328590393066e-01
1.000000000000000000e+00 5.451759099960327148e-01
1.000000000000000000e+00 6.561225056648254395e-01
0.000000000000000000e+00 2.546351552009582520e-01
0.000000000000000000e+00 7.838736772537231445e-01
1.000000000000000000e+00 4.220848977565765381e-01
0.000000000000000000e+00 4.012930393218994141e-01
1.000000000000000000e+00 7.092725038528442383e-01
1.000000000000000000e+00 2.979477941989898682e-01
1.000000000000000000e+00 6.860885620117187500e-01
0.000000000000000000e+00 4.584222137928009033e-01
1.000000000000000000e+00 4.901754558086395264e-01
1.000000000000000000e+00 7.354841828346252441e-01
0.000000000000000000e+00 1.907701790332794189e-01
0.000000000000000000e+00 1.324404180049896240e-01
0.000000000000000000e+00 1.720058917999267578e-01
0.000000000000000000e+00 3.686947226524353027e-01
1.000000000000000000e+00 7.612864375114440918e-01
1.000000000000000000e+00 7.168108224868774414e-01
0.000000000000000000e+00 1.409644186496734619e-01
1.000000000000000000e+00 5.808850526809692383e-01
1.000000000000000000e+00 3.219529390335083008e-01
1.000000000000000000e+00 7.151992917060852051e-01
1.000000000000000000e+00 6.468173861503601074e-01
1.000000000000000000e+00 3.447315692901611328e-01
0.000000000000000000e+00 5.129912495613098145e-01
1.000000000000000000e+00 2.512069940567016602e-01
1.000000000000000000e+00 6.963453292846679688e-01
1.000000000000000000e+00 1.973485946655273438e-01
0.000000000000000000e+00 1.136360466480255127e-01
0.000000000000000000e+00 3.348037600517272949e-01
1.000000000000000000e+00 3.830514550209045410e-01
1.000000000000000000e+00 3.244605660438537598e-01
1.000000000000000000e+00 2.752909660339355469e-01
0.000000000000000000e+00 2.079730927944183350e-01
0.000000000000000000e+00 4.452656507492065430e-01
1.000000000000000000e+00 3.102546334266662598e-01
1.000000000000000000e+00 5.486112833023071289e-01
1.000000000000000000e+00 5.151769518852233887e-01
1.000000000000000000e+00 2.522267699241638184e-01
0.000000000000000000e+00 7.680779695510864258e-01
1.000000000000000000e+00 4.401012659072875977e-01
1.000000000000000000e+00 6.338146924972534180e-01
1.000000000000000000e+00 7.096492648124694824e-01
0.000000000000000000e+00 3.835516571998596191e-01
0.000000000000000000e+00 5.844287872314453125e-01
1.000000000000000000e+00 6.810317039489746094e-01
1.000000000000000000e+00 3.340788185596466064e-01
1.000000000000000000e+00 5.383196473121643066e-01
1.000000000000000000e+00 1.102826893329620361e-01
1.000000000000000000e+00 7.310905456542968750e-01
1.000000000000000000e+00 5.560447573661804199e-01
0.000000000000000000e+00 5.099116563796997070e-01
0.000000000000000000e+00 1.610258519649505615e-01
1.000000000000000000e+00 6.919146776199340820e-01
0.000000000000000000e+00 7.201306223869323730e-01
0.000000000000000000e+00 1.289205849170684814e-01
1.000000000000000000e+00 1.585905253887176514e-01
0.000000000000000000e+00 4.755849242210388184e-01
0.000000000000000000e+00 2.042495310306549072e-01
1.000000000000000000e+00 6.919118762016296387e-01
0.000000000000000000e+00 6.446002125740051270e-01
0.000000000000000000e+00 4.102348089218139648e-01
0.000000000000000000e+00 5.126609802246093750e-01
1.000000000000000000e+00 7.210428714752197266e-01
1.000000000000000000e+00 3.628700375556945801e-01
0.000000000000000000e+00 4.549214541912078857e-01
0.000000000000000000e+00 5.491946339607238770e-01
0.000000000000000000e+00 4.961151778697967529e-01
0.000000000000000000e+00 5.629988908767700195e-01
1.000000000000000000e+00 3.609970211982727051e-01
1.000000000000000000e+00 3.189771175384521484e-01
0.000000000000000000e+00 1.515909731388092041e-01
1.000000000000000000e+00 7.835037112236022949e-01
1.000000000000000000e+00 7.840024828910827637e-01
0.000000000000000000e+00 1.438221633434295654e-01
0.000000000000000000e+00 5.091291666030883789e-01
1.000000000000000000e+00 3.756537139415740967e-01
1.000000000000000000e+00 4.460959434509277344e-01
0.000000000000000000e+00 6.995882987976074219e-01
1.000000000000000000e+00 6.309468746185302734e-01
0.000000000000000000e+00 5.588626861572265625e-01
1.000000000000000000e+00 6.152059435844421387e-01
0.000000000000000000e+00 6.632163524627685547e-01
0.000000000000000000e+00 5.239071249961853027e-01
1.000000000000000000e+00 5.494933724403381348e-01
1.000000000000000000e+00 1.319724917411804199e-01
1.000000000000000000e+00 6.761001944541931152e-01
1.000000000000000000e+00 7.210180759429931641e-01
1.000000000000000000e+00 6.973042488098144531e-01
0.000000000000000000e+00 3.711607456207275391e-01
1.000000000000000000e+00 6.170296072959899902e-01
0.000000000000000000e+00 7.402274012565612793e-01
0.000000000000000000e+00 3.158456683158874512e-01
1.000000000000000000e+00 5.380096435546875000e-01
