0.000000000000000000e+00 0.000000000000000000e+00
0.000000000000000000e+00 9.900990099009901110e-03
1.176470588235294101e-02 9.900990099009901110e-03
1.176470588235294101e-02 1.980198019801980222e-02
3.529411764705882304e-02 1.980198019801980222e-02
3.529411764705882304e-02 7.920792079207920888e-02
4.705882352941176405e-02 7.920792079207920888e-02
4.705882352941176405e-02 1.386138613861386260e-01
5.882352941176470507e-02 1.386138613861386260e-01
5.882352941176470507e-02 1.584158415841584178e-01
8.235294117647058709e-02 1.584158415841584178e-01
8.235294117647058709e-02 2.376237623762376128e-01
1.058823529411764691e-01 2.376237623762376128e-01
1.058823529411764691e-01 2.772277227722772519e-01
1.176470588235294101e-01 2.772277227722772519e-01
1.176470588235294101e-01 3.465346534653465094e-01
1.294117647058823650e-01 3.465346534653465094e-01
1.294117647058823650e-01 4.059405940594059681e-01
1.411764705882352922e-01 4.059405940594059681e-01
1.411764705882352922e-01 4.851485148514851353e-01
1.529411764705882470e-01 4.851485148514851353e-01
1.529411764705882470e-01 4.950495049504950451e-01
1.647058823529411742e-01 4.950495049504950451e-01
1.647058823529411742e-01 5.247524752475247745e-01
1.764705882352941291e-01 5.247524752475247745e-01
1.764705882352941291e-01 5.346534653465346842e-01
2.000000000000000111e-01 5.346534653465346842e-01
2.000000000000000111e-01 5.544554455445545038e-01
2.117647058823529382e-01 5.544554455445545038e-01
2.117647058823529382e-01 6.039603960396039417e-01
2.235294117647058931e-01 6.039603960396039417e-01
2.235294117647058931e-01 6.138613861386138515e-01
2.588235294117647300e-01 6.138613861386138515e-01
2.588235294117647300e-01 6.237623762376237613e-01
3.058823529411764941e-01 6.237623762376237613e-01
3.058823529411764941e-01 6.336633663366336711e-01
3.176470588235293935e-01 6.336633663366336711e-01
3.176470588235293935e-01 6.534653465346534906e-01
4.000000000000000222e-01 6.534653465346534906e-01
4.000000000000000222e-01 6.633663366336634004e-01
4.117647058823529216e-01 6.633663366336634004e-01
4.117647058823529216e-01 6.831683168316832200e-01
4.235294117647058765e-01 6.831683168316832200e-01
4.235294117647058765e-01 6.930693069306930187e-01
4.470588235294117863e-01 6.930693069306930187e-01
4.470588235294117863e-01 7.029702970297029285e-01
5.411764705882352589e-01 7.029702970297029285e-01
5.411764705882352589e-01 7.227722772277227481e-01
5.647058823529411686e-01 7.227722772277227481e-01
5.647058823529411686e-01 7.425742574257425677e-01
5.764705882352940680e-01 7.425742574257425677e-01
5.764705882352940680e-01 7.623762376237623872e-01
5.882352941176470784e-01 7.623762376237623872e-01
5.882352941176470784e-01 7.821782178217822068e-01
6.117647058823529882e-01 7.821782178217822068e-01
6.117647058823529882e-01 8.019801980198020264e-01
6.235294117647058876e-01 8.019801980198020264e-01
6.235294117647058876e-01 8.217821782178217349e-01
6.352941176470587870e-01 8.217821782178217349e-01
6.352941176470587870e-01 8.316831683168316447e-01
6.588235294117646967e-01 8.316831683168316447e-01
6.588235294117646967e-01 8.613861386138613740e-01
6.823529411764706065e-01 8.613861386138613740e-01
6.823529411764706065e-01 8.811881188118811936e-01
6.941176470588235059e-01 8.811881188118811936e-01
6.941176470588235059e-01 9.009900990099010132e-01
7.058823529411765163e-01 9.009900990099010132e-01
7.058823529411765163e-01 9.306930693069307425e-01
7.529411764705882248e-01 9.306930693069307425e-01
7.529411764705882248e-01 9.405940594059405413e-01
7.882352941176470340e-01 9.405940594059405413e-01
7.882352941176470340e-01 9.504950495049504511e-01
8.470588235294117530e-01 9.504950495049504511e-01
8.470588235294117530e-01 9.603960396039603609e-01
9.294117647058823817e-01 9.603960396039603609e-01
9.294117647058823817e-01 9.702970297029702706e-01
9.529411764705881804e-01 9.702970297029702706e-01
9.529411764705881804e-01 9.801980198019801804e-01
9.882352941176471006e-01 9.801980198019801804e-01
9.882352941176471006e-01 1.000000000000000000e+00
1.000000000000000000e+00 1.000000000000000000e+00
