0.000000000000000000e+00 0.000000000000000000e+00
1.176470588235294101e-02 0.000000000000000000e+00
1.176470588235294101e-02 9.900990099009901110e-03
3.529411764705882304e-02 9.900990099009901110e-03
3.529411764705882304e-02 3.960396039603960444e-02
4.705882352941176405e-02 3.960396039603960444e-02
4.705882352941176405e-02 6.930693069306931298e-02
5.882352941176470507e-02 6.930693069306931298e-02
5.882352941176470507e-02 1.188118811881188064e-01
7.058823529411764608e-02 1.188118811881188064e-01
7.058823529411764608e-02 1.683168316831683275e-01
8.235294117647058709e-02 1.683168316831683275e-01
8.235294117647058709e-02 2.079207920792079112e-01
9.411764705882352811e-02 2.079207920792079112e-01
9.411764705882352811e-02 2.871287128712871062e-01
1.058823529411764691e-01 2.871287128712871062e-01
1.058823529411764691e-01 3.069306930693069257e-01
1.176470588235294101e-01 3.069306930693069257e-01
1.176470588235294101e-01 4.158415841584158223e-01
1.294117647058823650e-01 4.158415841584158223e-01
1.294117647058823650e-01 4.455445544554455517e-01
1.411764705882352922e-01 4.455445544554455517e-01
1.411764705882352922e-01 4.851485148514851353e-01
1.529411764705882470e-01 4.851485148514851353e-01
1.529411764705882470e-01 4.950495049504950451e-01
1.647058823529411742e-01 4.950495049504950451e-01
1.647058823529411742e-01 5.049504950495049549e-01
1.764705882352941291e-01 5.049504950495049549e-01
1.764705882352941291e-01 5.247524752475247745e-01
2.000000000000000111e-01 5.247524752475247745e-01
2.000000000000000111e-01 5.346534653465346842e-01
2.117647058823529382e-01 5.346534653465346842e-01
2.117647058823529382e-01 5.643564356435643026e-01
2.352941176470588203e-01 5.643564356435643026e-01
2.352941176470588203e-01 5.940594059405940319e-01
2.470588235294117752e-01 5.940594059405940319e-01
2.470588235294117752e-01 6.237623762376237613e-01
2.588235294117647300e-01 6.237623762376237613e-01
2.588235294117647300e-01 6.336633663366336711e-01
3.529411764705882582e-01 6.336633663366336711e-01
3.529411764705882582e-01 6.435643564356435808e-01
3.647058823529411575e-01 6.435643564356435808e-01
3.647058823529411575e-01 6.633663366336634004e-01
4.117647058823529216e-01 6.633663366336634004e-01
4.117647058823529216e-01 6.732673267326733102e-01
4.470588235294117863e-01 6.732673267326733102e-01
4.470588235294117863e-01 6.930693069306930187e-01
4.588235294117646856e-01 6.930693069306930187e-01
4.588235294117646856e-01 7.227722772277227481e-01
5.294117647058823595e-01 7.227722772277227481e-01
5.294117647058823595e-01 7.326732673267326579e-01
5.411764705882352589e-01 7.326732673267326579e-01
5.411764705882352589e-01 7.623762376237623872e-01
5.529411764705882693e-01 7.623762376237623872e-01
5.529411764705882693e-01 7.722772277227722970e-01
5.647058823529411686e-01 7.722772277227722970e-01
5.647058823529411686e-01 8.019801980198020264e-01
5.764705882352940680e-01 8.019801980198020264e-01
5.764705882352940680e-01 8.316831683168316447e-01
5.882352941176470784e-01 8.316831683168316447e-01
5.882352941176470784e-01 8.415841584158415545e-01
6.705882352941175961e-01 8.415841584158415545e-01
6.705882352941175961e-01 8.514851485148514643e-01
7.058823529411765163e-01 8.514851485148514643e-01
7.058823529411765163e-01 8.613861386138613740e-01
7.411764705882353255e-01 8.613861386138613740e-01
7.411764705882353255e-01 9.009900990099010132e-01
7.882352941176470340e-01 9.009900990099010132e-01
7.882352941176470340e-01 9.108910891089109230e-01
8.117647058823529438e-01 9.108910891089109230e-01
8.117647058823529438e-01 9.207920792079208328e-01
8.470588235294117530e-01 9.207920792079208328e-01
8.470588235294117530e-01 9.306930693069307425e-01
8.823529411764705621e-01 9.306930693069307425e-01
8.823529411764705621e-01 9.603960396039603609e-01
9.647058823529411908e-01 9.603960396039603609e-01
9.647058823529411908e-01 9.702970297029702706e-01
9.764705882352940902e-01 9.702970297029702706e-01
9.764705882352940902e-01 9.801980198019801804e-01
9.882352941176471006e-01 9.801980198019801804e-01
9.882352941176471006e-01 9.900990099009900902e-01
1.000000000000000000e+00 9.900990099009900902e-01
1.000000000000000000e+00 1.000000000000000000e+00
