0.000000000000000000e+00 5.544554455445545316e-02
9.174311926605505096e-03 5.544554455445545316e-02
1.834862385321101019e-02 1.207920792079208161e-01
2.752293577981651529e-02 1.396039603960395892e-01
3.669724770642202039e-02 1.643564356435643359e-01
4.587155963302752548e-02 1.643564356435643359e-01
5.504587155963303058e-02 1.851485148514851187e-01
6.422018348623854955e-02 2.128712871287128938e-01
7.339449541284404077e-02 2.376237623762376683e-01
8.256880733944953199e-02 2.683168316831682776e-01
9.174311926605505096e-02 2.683168316831682776e-01
1.009174311926605838e-01 2.821782178217821513e-01
1.100917431192660612e-01 3.089108910891088522e-01
1.192660550458715385e-01 3.465346534653464539e-01
1.284403669724770991e-01 3.465346534653464539e-01
1.376146788990826042e-01 3.653465346534652824e-01
1.467889908256880815e-01 3.801980198019801471e-01
1.559633027522935589e-01 3.940594059405940208e-01
1.651376146788990640e-01 4.128712871287129049e-01
1.743119266055046246e-01 4.128712871287129049e-01
1.834862385321101019e-01 4.188118811881188508e-01
1.926605504587155793e-01 4.306930693069307425e-01
2.018348623853211676e-01 4.405940594059406523e-01
2.110091743119266172e-01 4.405940594059406523e-01
2.201834862385321223e-01 4.495049504950495711e-01
2.293577981651376274e-01 4.603960396039604719e-01
2.385321100917430770e-01 4.732673267326733546e-01
2.477064220183486376e-01 4.821782178217821624e-01
2.568807339449541982e-01 4.821782178217821624e-01
2.660550458715596478e-01 4.970297029702971381e-01
2.752293577981652084e-01 5.059405940594059459e-01
2.844036697247706025e-01 5.237623762376237835e-01
2.935779816513761631e-01 5.237623762376237835e-01
3.027522935779817237e-01 5.316831683168317113e-01
3.119266055045871178e-01 5.356435643564356752e-01
3.211009174311926784e-01 5.445544554455444830e-01
3.302752293577981280e-01 5.534653465346535128e-01
3.394495412844036886e-01 5.534653465346535128e-01
3.486238532110092492e-01 5.594059405940594587e-01
3.577981651376146432e-01 5.752475247524752033e-01
3.669724770642202039e-01 5.821782178217820292e-01
3.761467889908257645e-01 5.821782178217820292e-01
3.853211009174311585e-01 5.970297029702970049e-01
3.944954128440367191e-01 5.999999999999999778e-01
4.036697247706423353e-01 6.138613861386137405e-01
4.128440366972477849e-01 6.237623762376236503e-01
4.220183486238532344e-01 6.237623762376236503e-01
4.311926605504586840e-01 6.277227722772276142e-01
4.403669724770642446e-01 6.376237623762375240e-01
4.495412844036697497e-01 6.514851485148513976e-01
4.587155963302752548e-01 6.514851485148513976e-01
4.678899082568807044e-01 6.663366336633662623e-01
4.770642201834861540e-01 6.792079207920791450e-01
4.862385321100918256e-01 6.900990099009900458e-01
4.954128440366972752e-01 6.980198019801979736e-01
5.045871559633027248e-01 6.980198019801979736e-01
5.137614678899083964e-01 7.089108910891087634e-01
5.229357798165138460e-01 7.198019801980196641e-01
5.321100917431192956e-01 7.267326732673266010e-01
5.412844036697247452e-01 7.316831683168315559e-01
5.504587155963304168e-01 7.316831683168315559e-01
5.596330275229357554e-01 7.554455445544553394e-01
5.688073394495412050e-01 7.683168316831682221e-01
5.779816513761469876e-01 7.772277227722771409e-01
5.871559633027523262e-01 7.772277227722771409e-01
5.963302752293576647e-01 7.871287128712870507e-01
6.055045871559634474e-01 7.940594059405939875e-01
6.146788990825688970e-01 7.990099009900989424e-01
6.238532110091742355e-01 8.049504950495048883e-01
6.330275229357799072e-01 8.049504950495048883e-01
6.422018348623853568e-01 8.128712871287128161e-01
6.513761467889908063e-01 8.148514851485147981e-01
6.605504587155962559e-01 8.227722772277227259e-01
6.697247706422019276e-01 8.227722772277227259e-01
6.788990825688073771e-01 8.356435643564357196e-01
6.880733944954130488e-01 8.405940594059405635e-01
6.972477064220184984e-01 8.475247524752476114e-01
7.064220183486238369e-01 8.554455445544555392e-01
7.155963302752292865e-01 8.554455445544555392e-01
7.247706422018350692e-01 8.574257425742575212e-01
7.339449541284404077e-01 8.603960396039603831e-01
7.431192660550457463e-01 8.653465346534654490e-01
7.522935779816515289e-01 8.653465346534654490e-01
7.614678899082569785e-01 8.712871287128713949e-01
7.706422018348623171e-01 8.782178217821782207e-01
7.798165137614677667e-01 8.841584158415841666e-01
7.889908256880734383e-01 8.900990099009901124e-01
7.981651376146788879e-01 8.900990099009901124e-01
8.073394495412846705e-01 8.950495049504951783e-01
8.165137614678898981e-01 9.049504950495050881e-01
8.256880733944955697e-01 9.178217821782178598e-01
8.348623853211007972e-01 9.178217821782178598e-01
8.440366972477064689e-01 9.237623762376238057e-01
8.532110091743119185e-01 9.247524752475246856e-01
8.623853211009173680e-01 9.316831683168317335e-01
8.715596330275230397e-01 9.475247524752475892e-01
8.807339449541284893e-01 9.475247524752475892e-01
8.899082568807339388e-01 9.524752475247524330e-01
8.990825688073394995e-01 9.663366336633660847e-01
9.082568807339448380e-01 9.782178217821779764e-01
9.174311926605505096e-01 9.782178217821779764e-01
9.266055045871561813e-01 9.891089108910889882e-01
9.357798165137614088e-01 9.940594059405940541e-01
9.449541284403670804e-01 9.950495049504951561e-01
9.541284403669723080e-01 9.950495049504951561e-01
9.633027522935779796e-01 9.950495049504951561e-01
9.724770642201836512e-01 9.960396039603960361e-01
9.816513761467893229e-01 1.000000000000000000e+00
9.908256880733945504e-01 1.000000000000000000e+00
1.000000000000000000e+00 1.000000000000000000e+00
