0.000000000000000000e+00 2.777034044265747070e-01
1.000000000000000000e+00 8.024013638496398926e-01
1.000000000000000000e+00 1.697577834129333496e-01
0.000000000000000000e+00 3.083589076995849609e-01
1.000000000000000000e+00 7.082679271697998047e-01
1.000000000000000000e+00 2.538029551506042480e-01
1.000000000000000000e+00 2.956758141517639160e-01
1.000000000000000000e+00 5.568550229072570801e-01
0.000000000000000000e+00 4.833828210830688477e-01
1.000000000000000000e+00 7.241189479827880859e-01
1.000000000000000000e+00 7.919780611991882324e-01
1.000000000000000000e+00 7.220265269279479980e-01
0.000000000000000000e+00 3.928251266479492188e-01
0.000000000000000000e+00 1.793789267539978027e-01
1.000000000000000000e+00 3.490317165851593018e-01
1.000000000000000000e+00 7.400223612785339355e-01
1.000000000000000000e+00 4.838103652000427246e-01
1.000000000000000000e+00 7.659686803817749023e-01
1.000000000000000000e+00 4.534787535667419434e-01
1.000000000000000000e+00 2.694373428821563721e-01
1.000000000000000000e+00 8.001868724822998047e-01
1.000000000000000000e+00 3.782551884651184082e-01
0.000000000000000000e+00 1.495967358350753784e-01
1.000000000000000000e+00 7.420048713684082031e-01
0.000000000000000000e+00 7.690000534057617188e-01
1.000000000000000000e+00 7.082319259643554688e-01
1.000000000000000000e+00 4.698229432106018066e-01
0.000000000000000000e+00 3.052119016647338867e-01
0.000000000000000000e+00 7.235159873962402344e-01
1.000000000000000000e+00 2.758741676807403564e-01
0.000000000000000000e+00 5.364502072334289551e-01
0.000000000000000000e+00 1.894311308860778809e-01
0.000000000000000000e+00 6.050685644149780273e-01
0.000000000000000000e+00 4.350484311580657959e-01
1.000000000000000000e+00 1.800581216812133789e-01
0.000000000000000000e+00 2.019506096839904785e-01
0.000000000000000000e+00 3.310978412628173828e-01
1.000000000000000000e+00 7.362095117568969727e-01
0.000000000000000000e+00 5.039783716201782227e-01
0.000000000000000000e+00 3.248423337936401367e-01
0.000000000000000000e+00 4.986881613731384277e-01
0.000000000000000000e+00 4.654723107814788818e-01
1.000000000000000000e+00 3.837281763553619385e-01
1.000000000000000000e+00 7.016215324401855469e-01
1.000000000000000000e+00 5.289449691772460938e-01
1.000000000000000000e+00 7.549687623977661133e-01
1.000000000000000000e+00 6.096385121345520020e-01
0.000000000000000000e+00 3.158449828624725342e-01
0.000000000000000000e+00 5.170955061912536621e-01
1.000000000000000000e+00 5.124496221542358398e-01
0.000000000000000000e+00 2.742647528648376465e-01
0.000000000000000000e+00 4.393337666988372803e-01
1.000000000000000000e+00 7.602378129959106445e-01
0.000000000000000000e+00 3.481692671775817871e-01
1.000000000000000000e+00 4.159718751907348633e-01
1.000000000000000000e+00 4.321223199367523193e-01
0.000000000000000000e+00 2.147449553012847900e-01
1.000000000000000000e+00 7.186928987503051758e-01
1.000000000000000000e+00 5.026058554649353027e-01
1.000000000000000000e+00 3.780105113983154297e-01
0.000000000000000000e+00 4.524421989917755127e-01
0.000000000000000000e+00 3.319745957851409912e-01
0.000000000000000000e+00 3.875260651111602783e-01
1.000000000000000000e+00 5.645503997802734375e-01
0.000000000000000000e+00 3.644058406352996826e-01
0.000000000000000000e+00 1.438225209712982178e-01
1.000000000000000000e+00 7.239043116569519043e-01
0.000000000000000000e+00 5.114863514900207520e-01
1.000000000000000000e+00 2.233315706253051758e-01
1.000000000000000000e+00 3.385971188545227051e-01
1.000000000000000000e+00 4.301555454730987549e-01
0.000000000000000000e+00 3.027007281780242920e-01
0.000000000000000000e+00 2.848766744136810303e-01
0.000000000000000000e+00 3.325899541378021240e-01
0.000000000000000000e+00 4.786663651466369629e-01
1.000000000000000000e+00 7.631208300590515137e-01
1.000000000000000000e+00 6.449462175369262695e-01
0.000000000000000000e+00 3.099234104156494141e-01
1.000000000000000000e+00 4.488886296749114990e-01
1.000000000000000000e+00 4.473564326763153076e-01
0.000000000000000000e+00 5.509568452835083008e-01
0.000000000000000000e+00 7.506337761878967285e-01
1.000000000000000000e+00 7.506228089332580566e-01
1.000000000000000000e+00 5.365881919860839844e-01
1.000000000000000000e+00 4.312772452831268311e-01
0.000000000000000000e+00 3.102258145809173584e-01
0.000000000000000000e+00 5.664685368537902832e-01
0.000000000000000000e+00 3.153685629367828369e-01
1.000000000000000000e+00 5.127720236778259277e-01
1.000000000000000000e+00 7.798398137092590332e-01
0.000000000000000000e+00 4.021848440170288086e-01
1.000000000000000000e+00 5.177173018455505371e-01
1.000000000000000000e+00 5.801037549972534180e-01
0.000000000000000000e+00 3.991110622882843018e-01
0.000000000000000000e+00 4.880793392658233643e-01
0.000000000000000000e+00 5.059620738029479980e-01
1.000000000000000000e+00 7.866697311401367188e-01
0.000000000000000000e+00 3.413840532302856445e-01
1.000000000000000000e+00 2.991806268692016602e-01
1.000000000000000000e+00 4.550467729568481445e-01
1.000000000000000000e+00 5.144207477569580078e-01
1.000000000000000000e+00 3.440370559692382812e-01
0.000000000000000000e+00 2.793633639812469482e-01
1.000000000000000000e+00 6.895645856857299805e-01
1.000000000000000000e+00 7.370504736900329590e-01
0.000000000000000000e+00 2.892520427703857422e-01
1.000000000000000000e+00 5.149466991424560547e-01
0.000000000000000000e+00 5.709197521209716797e-01
1.000000000000000000e+00 6.207115650177001953e-01
0.000000000000000000e+00 5.118261575698852539e-01
1.000000000000000000e+00 4.939963221549987793e-01
0.000000000000000000e+00 2.794599831104278564e-01
1.000000000000000000e+00 4.897825717926025391e-01
1.000000000000000000e+00 6.716963648796081543e-01
1.000000000000000000e+00 5.121451020240783691e-01
0.000000000000000000e+00 5.967753529548645020e-01
0.000000000000000000e+00 9.998314827680587769e-02
0.000000000000000000e+00 4.999198913574218750e-01
1.000000000000000000e+00 4.439399838447570801e-01
0.000000000000000000e+00 4.203761219978332520e-01
1.000000000000000000e+00 4.476457834243774414e-01
0.000000000000000000e+00 2.525908648967742920e-01
1.000000000000000000e+00 4.989255070686340332e-01
1.000000000000000000e+00 7.300709486007690430e-01
0.000000000000000000e+00 4.437754750251770020e-01
1.000000000000000000e+00 5.527720451354980469e-01
1.000000000000000000e+00 5.071827173233032227e-01
1.000000000000000000e+00 7.398853302001953125e-01
0.000000000000000000e+00 4.723962247371673584e-01
0.000000000000000000e+00 5.942045450210571289e-01
1.000000000000000000e+00 7.448095083236694336e-01
0.000000000000000000e+00 6.445901989936828613e-01
1.000000000000000000e+00 4.494544863700866699e-01
1.000000000000000000e+00 5.358141660690307617e-01
0.000000000000000000e+00 3.205954432487487793e-01
0.000000000000000000e+00 2.112473845481872559e-01
1.000000000000000000e+00 2.642648816108703613e-01
0.000000000000000000e+00 5.539881587028503418e-01
0.000000000000000000e+00 7.023236155509948730e-01
1.000000000000000000e+00 7.481277585029602051e-01
1.000000000000000000e+00 5.789509415626525879e-01
0.000000000000000000e+00 4.567541480064392090e-01
1.000000000000000000e+00 8.112638592720031738e-01
1.000000000000000000e+00 5.183801054954528809e-01
1.000000000000000000e+00 6.866896152496337891e-01
1.000000000000000000e+00 3.094604313373565674e-01
0.000000000000000000e+00 5.496493577957153320e-01
1.000000000000000000e+00 6.945393085479736328e-01
0.000000000000000000e+00 2.429745197296142578e-01
0.000000000000000000e+00 7.061994075775146484e-01
0.000000000000000000e+00 3.213361501693725586e-01
1.000000000000000000e+00 3.382987678050994873e-01
0.000000000000000000e+00 6.786116957664489746e-01
1.000000000000000000e+00 7.699907422065734863e-01
0.000000000000000000e+00 4.093771874904632568e-01
0.000000000000000000e+00 7.164837718009948730e-01
0.000000000000000000e+00 4.865238368511199951e-01
0.000000000000000000e+00 4.947319626808166504e-01
1.000000000000000000e+00 4.825643002986907959e-01
0.000000000000000000e+00 5.355640649795532227e-01
1.000000000000000000e+00 3.829446136951446533e-01
1.000000000000000000e+00 6.937602162361145020e-01
1.000000000000000000e+00 5.056949257850646973e-01
0.000000000000000000e+00 5.371466279029846191e-01
1.000000000000000000e+00 2.123125940561294556e-01
1.000000000000000000e+00 6.548242568969726562e-01
0.000000000000000000e+00 4.092702567577362061e-01
1.000000000000000000e+00 5.534264445304870605e-01
1.000000000000000000e+00 4.089708030223846436e-01
0.000000000000000000e+00 5.106722712516784668e-01
1.000000000000000000e+00 3.835676610469818115e-01
0.000000000000000000e+00 6.706633567810058594e-01
1.000000000000000000e+00 5.151677131652832031e-01
0.000000000000000000e+00 3.318099975585937500e-01
0.000000000000000000e+00 5.373491644859313965e-01
1.000000000000000000e+00 3.132311701774597168e-01
1.000000000000000000e+00 4.022376239299774170e-01
0.000000000000000000e+00 3.604168891906738281e-01
1.000000000000000000e+00 4.675118327140808105e-01
1.000000000000000000e+00 4.800332486629486084e-01
1.000000000000000000e+00 2.676014304161071777e-01
0.000000000000000000e+00 5.084878206253051758e-01
1.000000000000000000e+00 6.968718171119689941e-01
0.000000000000000000e+00 7.716085314750671387e-01
0.000000000000000000e+00 4.793395102024078369e-01
1.000000000000000000e+00 6.984441280364990234e-01
