0.000000000000000000e+00 1.924360394477844238e-01
1.000000000000000000e+00 1.980950236320495605e-01
1.000000000000000000e+00 1.931618303060531616e-01
1.000000000000000000e+00 1.876875162124633789e-01
0.000000000000000000e+00 1.909097433090209961e-01
0.000000000000000000e+00 1.912611275911331177e-01
1.000000000000000000e+00 2.035309523344039917e-01
0.000000000000000000e+00 1.909165978431701660e-01
1.000000000000000000e+00 1.914357095956802368e-01
0.000000000000000000e+00 1.901756972074508667e-01
0.000000000000000000e+00 2.073089629411697388e-01
1.000000000000000000e+00 1.899089366197586060e-01
0.000000000000000000e+00 1.950191259384155273e-01
0.000000000000000000e+00 1.909943521022796631e-01
1.000000000000000000e+00 2.071618884801864624e-01
0.000000000000000000e+00 1.863919347524642944e-01
0.000000000000000000e+00 1.901795864105224609e-01
1.000000000000000000e+00 1.947768479585647583e-01
0.000000000000000000e+00 1.946414709091186523e-01
1.000000000000000000e+00 1.897986531257629395e-01
1.000000000000000000e+00 1.992501318454742432e-01
1.000000000000000000e+00 1.890747547149658203e-01
1.000000000000000000e+00 1.873580515384674072e-01
0.000000000000000000e+00 2.016550451517105103e-01
0.000000000000000000e+00 1.921683698892593384e-01
1.000000000000000000e+00 1.872005164623260498e-01
0.000000000000000000e+00 2.581347823143005371e-01
0.000000000000000000e+00 1.951822042465209961e-01
1.000000000000000000e+00 1.949283480644226074e-01
1.000000000000000000e+00 1.899596899747848511e-01
1.000000000000000000e+00 1.945654898881912231e-01
1.000000000000000000e+00 1.915391087532043457e-01
1.000000000000000000e+00 1.884875893592834473e-01
0.000000000000000000e+00 1.886839121580123901e-01
1.000000000000000000e+00 1.826720535755157471e-01
1.000000000000000000e+00 1.969025731086730957e-01
1.000000000000000000e+00 1.883269101381301880e-01
1.000000000000000000e+00 1.987110823392868042e-01
0.000000000000000000e+00 1.880237460136413574e-01
0.000000000000000000e+00 1.905756145715713501e-01
0.000000000000000000e+00 1.884591877460479736e-01
1.000000000000000000e+00 1.931981295347213745e-01
1.000000000000000000e+00 1.897003799676895142e-01
1.000000000000000000e+00 1.946152597665786743e-01
0.000000000000000000e+00 1.867550313472747803e-01
1.000000000000000000e+00 2.012410610914230347e-01
0.000000000000000000e+00 1.880594044923782349e-01
1.000000000000000000e+00 1.921641975641250610e-01
0.000000000000000000e+00 1.902154982089996338e-01
0.000000000000000000e+00 1.982538104057312012e-01
0.000000000000000000e+00 1.874974668025970459e-01
1.000000000000000000e+00 1.883632242679595947e-01
1.000000000000000000e+00 1.947670578956604004e-01
0.000000000000000000e+00 1.971996277570724487e-01
0.000000000000000000e+00 1.897213011980056763e-01
0.000000000000000000e+00 1.891900300979614258e-01
1.000000000000000000e+00 1.946520507335662842e-01
1.000000000000000000e+00 1.964294016361236572e-01
0.000000000000000000e+00 1.985712647438049316e-01
1.000000000000000000e+00 1.872160881757736206e-01
0.000000000000000000e+00 1.945934444665908813e-01
0.000000000000000000e+00 1.868141740560531616e-01
0.000000000000000000e+00 1.901571899652481079e-01
1.000000000000000000e+00 1.949528753757476807e-01
1.000000000000000000e+00 1.880441755056381226e-01
1.000000000000000000e+00 1.915696263313293457e-01
0.000000000000000000e+00 1.903060078620910645e-01
1.000000000000000000e+00 1.883403211832046509e-01
0.000000000000000000e+00 1.885312944650650024e-01
1.000000000000000000e+00 1.924647688865661621e-01
1.000000000000000000e+00 1.955583393573760986e-01
0.000000000000000000e+00 1.888670772314071655e-01
0.000000000000000000e+00 1.933039575815200806e-01
1.000000000000000000e+00 1.944589912891387939e-01
1.000000000000000000e+00 1.880756169557571411e-01
0.000000000000000000e+00 1.888897269964218140e-01
0.000000000000000000e+00 1.890264898538589478e-01
1.000000000000000000e+00 1.892752200365066528e-01
1.000000000000000000e+00 1.847150474786758423e-01
0.000000000000000000e+00 1.871456205844879150e-01
0.000000000000000000e+00 2.001758068799972534e-01
1.000000000000000000e+00 1.870954483747482300e-01
0.000000000000000000e+00 1.980157941579818726e-01
1.000000000000000000e+00 2.060992717742919922e-01
1.000000000000000000e+00 1.926672905683517456e-01
0.000000000000000000e+00 1.917672604322433472e-01
0.000000000000000000e+00 1.884381920099258423e-01
0.000000000000000000e+00 1.910432279109954834e-01
0.000000000000000000e+00 1.905140727758407593e-01
1.000000000000000000e+00 1.934877187013626099e-01
0.000000000000000000e+00 1.962998211383819580e-01
1.000000000000000000e+00 1.904265731573104858e-01
0.000000000000000000e+00 1.885712742805480957e-01
1.000000000000000000e+00 1.858364939689636230e-01
1.000000000000000000e+00 1.899729520082473755e-01
1.000000000000000000e+00 1.955281496047973633e-01
0.000000000000000000e+00 1.883346140384674072e-01
1.000000000000000000e+00 1.868519186973571777e-01
0.000000000000000000e+00 1.913496404886245728e-01
0.000000000000000000e+00 1.888173520565032959e-01
1.000000000000000000e+00 1.917582452297210693e-01
1.000000000000000000e+00 1.960816383361816406e-01
1.000000000000000000e+00 1.862652152776718140e-01
1.000000000000000000e+00 1.945860087871551514e-01
1.000000000000000000e+00 1.844520717859268188e-01
1.000000000000000000e+00 1.943579912185668945e-01
0.000000000000000000e+00 1.977097839117050171e-01
0.000000000000000000e+00 1.947996467351913452e-01
0.000000000000000000e+00 2.038042992353439331e-01
1.000000000000000000e+00 1.923813521862030029e-01
0.000000000000000000e+00 1.969857215881347656e-01
1.000000000000000000e+00 1.933486908674240112e-01
0.000000000000000000e+00 1.949562132358551025e-01
0.000000000000000000e+00 1.956904083490371704e-01
1.000000000000000000e+00 2.001960724592208862e-01
1.000000000000000000e+00 1.955097913742065430e-01
0.000000000000000000e+00 1.904441714286804199e-01
0.000000000000000000e+00 1.900438368320465088e-01
1.000000000000000000e+00 1.908101439476013184e-01
1.000000000000000000e+00 1.985507905483245850e-01
1.000000000000000000e+00 1.920956671237945557e-01
1.000000000000000000e+00 1.900658905506134033e-01
1.000000000000000000e+00 1.893190890550613403e-01
1.000000000000000000e+00 1.925560981035232544e-01
0.000000000000000000e+00 1.843485683202743530e-01
1.000000000000000000e+00 1.864233314990997314e-01
0.000000000000000000e+00 2.039115726947784424e-01
1.000000000000000000e+00 1.890291422605514526e-01
1.000000000000000000e+00 1.935572773218154907e-01
1.000000000000000000e+00 1.920315623283386230e-01
0.000000000000000000e+00 1.949558854103088379e-01
1.000000000000000000e+00 2.040691822767257690e-01
1.000000000000000000e+00 1.927762478590011597e-01
1.000000000000000000e+00 1.943641453981399536e-01
0.000000000000000000e+00 1.881646364927291870e-01
0.000000000000000000e+00 1.938407123088836670e-01
0.000000000000000000e+00 1.886113435029983521e-01
1.000000000000000000e+00 1.876858770847320557e-01
1.000000000000000000e+00 1.891636103391647339e-01
1.000000000000000000e+00 1.940075308084487915e-01
1.000000000000000000e+00 1.959599256515502930e-01
1.000000000000000000e+00 1.923073828220367432e-01
1.000000000000000000e+00 1.952622532844543457e-01
1.000000000000000000e+00 1.990511417388916016e-01
0.000000000000000000e+00 1.900917291641235352e-01
1.000000000000000000e+00 1.932221204042434692e-01
1.000000000000000000e+00 1.881596595048904419e-01
1.000000000000000000e+00 1.907174289226531982e-01
0.000000000000000000e+00 1.898523122072219849e-01
1.000000000000000000e+00 1.980542242527008057e-01
1.000000000000000000e+00 1.925064176321029663e-01
1.000000000000000000e+00 1.873270869255065918e-01
1.000000000000000000e+00 1.891467422246932983e-01
0.000000000000000000e+00 1.871935129165649414e-01
0.000000000000000000e+00 2.012988477945327759e-01
0.000000000000000000e+00 1.894927471876144409e-01
0.000000000000000000e+00 1.885298192501068115e-01
0.000000000000000000e+00 1.886802613735198975e-01
0.000000000000000000e+00 1.919468343257904053e-01
0.000000000000000000e+00 1.914728730916976929e-01
0.000000000000000000e+00 1.914000660181045532e-01
1.000000000000000000e+00 1.979200392961502075e-01
1.000000000000000000e+00 1.943135708570480347e-01
0.000000000000000000e+00 1.995818912982940674e-01
0.000000000000000000e+00 1.876462548971176147e-01
0.000000000000000000e+00 1.966560930013656616e-01
0.000000000000000000e+00 2.348651140928268433e-01
0.000000000000000000e+00 1.953752934932708740e-01
1.000000000000000000e+00 1.888087242841720581e-01
0.000000000000000000e+00 1.926137953996658325e-01
1.000000000000000000e+00 1.900064349174499512e-01
1.000000000000000000e+00 1.921995729207992554e-01
1.000000000000000000e+00 1.906152963638305664e-01
1.000000000000000000e+00 1.899549067020416260e-01
0.000000000000000000e+00 1.990804672241210938e-01
0.000000000000000000e+00 1.957165896892547607e-01
1.000000000000000000e+00 1.943045705556869507e-01
1.000000000000000000e+00 2.066583484411239624e-01
0.000000000000000000e+00 1.949364244937896729e-01
1.000000000000000000e+00 2.041492015123367310e-01
0.000000000000000000e+00 1.915226876735687256e-01
0.000000000000000000e+00 1.950798183679580688e-01
0.000000000000000000e+00 1.853538900613784790e-01
1.000000000000000000e+00 2.687829136848449707e-01
1.000000000000000000e+00 1.837099492549896240e-01
1.000000000000000000e+00 1.904792189598083496e-01
