0.000000000000000000e+00 4.936891496181488037e-01
1.000000000000000000e+00 5.373445153236389160e-01
0.000000000000000000e+00 5.128535032272338867e-01
0.000000000000000000e+00 4.987719357013702393e-01
1.000000000000000000e+00 5.054439902305603027e-01
1.000000000000000000e+00 4.973958134651184082e-01
1.000000000000000000e+00 5.050065517425537109e-01
0.000000000000000000e+00 4.852990806102752686e-01
0.000000000000000000e+00 5.199818611145019531e-01
1.000000000000000000e+00 5.049996972084045410e-01
1.000000000000000000e+00 4.779187142848968506e-01
1.000000000000000000e+00 5.003799200057983398e-01
0.000000000000000000e+00 5.084365010261535645e-01
1.000000000000000000e+00 5.040597319602966309e-01
1.000000000000000000e+00 5.088725686073303223e-01
0.000000000000000000e+00 5.179027915000915527e-01
0.000000000000000000e+00 4.834961593151092529e-01
0.000000000000000000e+00 5.158048868179321289e-01
0.000000000000000000e+00 5.199340581893920898e-01
1.000000000000000000e+00 4.710285663604736328e-01
0.000000000000000000e+00 5.202330946922302246e-01
1.000000000000000000e+00 5.325189828872680664e-01
1.000000000000000000e+00 5.088773965835571289e-01
1.000000000000000000e+00 4.896501600742340088e-01
0.000000000000000000e+00 4.949468076229095459e-01
1.000000000000000000e+00 4.727882444858551025e-01
0.000000000000000000e+00 4.850191473960876465e-01
0.000000000000000000e+00 4.819283187389373779e-01
1.000000000000000000e+00 5.156420469284057617e-01
1.000000000000000000e+00 4.850761294364929199e-01
1.000000000000000000e+00 5.102169513702392578e-01
1.000000000000000000e+00 5.090842843055725098e-01
0.000000000000000000e+00 5.100428462028503418e-01
1.000000000000000000e+00 4.976540505886077881e-01
1.000000000000000000e+00 5.185537338256835938e-01
0.000000000000000000e+00 4.735209941864013672e-01
1.000000000000000000e+00 4.847455918788909912e-01
0.000000000000000000e+00 4.914650321006774902e-01
0.000000000000000000e+00 5.108615159988403320e-01
1.000000000000000000e+00 5.292575955390930176e-01
0.000000000000000000e+00 4.960864782333374023e-01
1.000000000000000000e+00 4.957745075225830078e-01
0.000000000000000000e+00 4.763806462287902832e-01
1.000000000000000000e+00 5.178074240684509277e-01
1.000000000000000000e+00 4.793597161769866943e-01
0.000000000000000000e+00 4.835956096649169922e-01
1.000000000000000000e+00 5.017651915550231934e-01
0.000000000000000000e+00 5.084430575370788574e-01
1.000000000000000000e+00 5.133416056632995605e-01
0.000000000000000000e+00 4.820106029510498047e-01
0.000000000000000000e+00 4.918063879013061523e-01
1.000000000000000000e+00 5.209982991218566895e-01
1.000000000000000000e+00 5.145452022552490234e-01
1.000000000000000000e+00 5.122306346893310547e-01
0.000000000000000000e+00 4.955958425998687744e-01
0.000000000000000000e+00 4.985789060592651367e-01
0.000000000000000000e+00 5.112927556037902832e-01
0.000000000000000000e+00 4.970314800739288330e-01
1.000000000000000000e+00 5.083248019218444824e-01
1.000000000000000000e+00 5.068058371543884277e-01
1.000000000000000000e+00 4.781550168991088867e-01
1.000000000000000000e+00 4.799025356769561768e-01
0.000000000000000000e+00 5.102180242538452148e-01
1.000000000000000000e+00 5.090268254280090332e-01
1.000000000000000000e+00 4.822126626968383789e-01
0.000000000000000000e+00 5.068622231483459473e-01
1.000000000000000000e+00 4.871531724929809570e-01
0.000000000000000000e+00 4.716083407402038574e-01
1.000000000000000000e+00 5.076372027397155762e-01
1.000000000000000000e+00 4.861911535263061523e-01
1.000000000000000000e+00 4.700455069541931152e-01
1.000000000000000000e+00 5.228609442710876465e-01
1.000000000000000000e+00 4.811153113842010498e-01
0.000000000000000000e+00 4.890550673007965088e-01
1.000000000000000000e+00 5.502206683158874512e-01
0.000000000000000000e+00 4.774151444435119629e-01
0.000000000000000000e+00 5.159652233123779297e-01
1.000000000000000000e+00 4.967835843563079834e-01
1.000000000000000000e+00 4.808950424194335938e-01
1.000000000000000000e+00 5.093684196472167969e-01
0.000000000000000000e+00 5.305511951446533203e-01
0.000000000000000000e+00 4.884729087352752686e-01
0.000000000000000000e+00 4.958616197109222412e-01
1.000000000000000000e+00 5.120030641555786133e-01
1.000000000000000000e+00 4.959312677383422852e-01
1.000000000000000000e+00 5.065776109695434570e-01
1.000000000000000000e+00 5.051516890525817871e-01
1.000000000000000000e+00 5.296940803527832031e-01
0.000000000000000000e+00 4.938154518604278564e-01
0.000000000000000000e+00 5.057143568992614746e-01
0.000000000000000000e+00 5.210964679718017578e-01
1.000000000000000000e+00 5.094763636589050293e-01
0.000000000000000000e+00 5.116615891456604004e-01
1.000000000000000000e+00 5.099158883094787598e-01
1.000000000000000000e+00 5.056087374687194824e-01
0.000000000000000000e+00 4.793666005134582520e-01
1.000000000000000000e+00 5.131289362907409668e-01
1.000000000000000000e+00 4.993271231651306152e-01
0.000000000000000000e+00 5.177183747291564941e-01
1.000000000000000000e+00 4.994794726371765137e-01
0.000000000000000000e+00 5.064281225204467773e-01
0.000000000000000000e+00 4.883288145065307617e-01
0.000000000000000000e+00 5.085358619689941406e-01
0.000000000000000000e+00 5.056691169738769531e-01
1.000000000000000000e+00 5.265210866928100586e-01
1.000000000000000000e+00 5.071085095405578613e-01
1.000000000000000000e+00 5.025438666343688965e-01
1.000000000000000000e+00 4.730442464351654053e-01
1.000000000000000000e+00 5.315626263618469238e-01
1.000000000000000000e+00 4.668963849544525146e-01
1.000000000000000000e+00 5.012310743331909180e-01
0.000000000000000000e+00 4.982103705406188965e-01
1.000000000000000000e+00 4.949640929698944092e-01
0.000000000000000000e+00 5.178514122962951660e-01
1.000000000000000000e+00 5.075822472572326660e-01
0.000000000000000000e+00 4.858751893043518066e-01
1.000000000000000000e+00 4.739579260349273682e-01
0.000000000000000000e+00 5.123528242111206055e-01
1.000000000000000000e+00 4.928756654262542725e-01
1.000000000000000000e+00 5.106094479560852051e-01
1.000000000000000000e+00 5.082839131355285645e-01
1.000000000000000000e+00 4.859899282455444336e-01
0.000000000000000000e+00 5.030584931373596191e-01
1.000000000000000000e+00 5.200840234756469727e-01
0.000000000000000000e+00 4.685072898864746094e-01
0.000000000000000000e+00 5.105709433555603027e-01
0.000000000000000000e+00 4.910157918930053711e-01
0.000000000000000000e+00 4.929154217243194580e-01
1.000000000000000000e+00 5.090999007225036621e-01
1.000000000000000000e+00 4.690542817115783691e-01
0.000000000000000000e+00 4.979774951934814453e-01
0.000000000000000000e+00 5.256076455116271973e-01
0.000000000000000000e+00 4.810868203639984131e-01
1.000000000000000000e+00 5.045504570007324219e-01
1.000000000000000000e+00 4.897877275943756104e-01
0.000000000000000000e+00 4.956923723220825195e-01
0.000000000000000000e+00 5.005942583084106445e-01
0.000000000000000000e+00 5.089938640594482422e-01
0.000000000000000000e+00 5.548168420791625977e-01
1.000000000000000000e+00 4.940317571163177490e-01
1.000000000000000000e+00 5.126218199729919434e-01
1.000000000000000000e+00 4.853968620300292969e-01
1.000000000000000000e+00 5.075089931488037109e-01
0.000000000000000000e+00 4.853253960609436035e-01
0.000000000000000000e+00 5.070650577545166016e-01
0.000000000000000000e+00 4.930123388767242432e-01
1.000000000000000000e+00 5.132392644882202148e-01
1.000000000000000000e+00 5.115971565246582031e-01
0.000000000000000000e+00 4.706687629222869873e-01
1.000000000000000000e+00 5.123361349105834961e-01
0.000000000000000000e+00 5.023204088211059570e-01
0.000000000000000000e+00 5.161787867546081543e-01
0.000000000000000000e+00 4.798957109451293945e-01
0.000000000000000000e+00 5.138668417930603027e-01
1.000000000000000000e+00 4.766303300857543945e-01
1.000000000000000000e+00 4.917029738426208496e-01
1.000000000000000000e+00 5.051598548889160156e-01
0.000000000000000000e+00 4.894322156906127930e-01
0.000000000000000000e+00 4.838886260986328125e-01
0.000000000000000000e+00 4.924297034740447998e-01
1.000000000000000000e+00 5.078500509262084961e-01
1.000000000000000000e+00 5.257111787796020508e-01
0.000000000000000000e+00 5.015306472778320312e-01
0.000000000000000000e+00 4.992519021034240723e-01
0.000000000000000000e+00 4.967780411243438721e-01
0.000000000000000000e+00 5.129266977310180664e-01
0.000000000000000000e+00 4.846660792827606201e-01
0.000000000000000000e+00 5.097303390502929688e-01
1.000000000000000000e+00 5.066446065902709961e-01
1.000000000000000000e+00 5.283824801445007324e-01
1.000000000000000000e+00 4.800949096679687500e-01
0.000000000000000000e+00 5.451542735099792480e-01
1.000000000000000000e+00 4.670641124248504639e-01
1.000000000000000000e+00 5.035319328308105469e-01
0.000000000000000000e+00 5.378240346908569336e-01
1.000000000000000000e+00 5.086359977722167969e-01
1.000000000000000000e+00 4.884348213672637939e-01
1.000000000000000000e+00 4.674485921859741211e-01
1.000000000000000000e+00 5.238565206527709961e-01
0.000000000000000000e+00 4.747259020805358887e-01
1.000000000000000000e+00 4.884997606277465820e-01
0.000000000000000000e+00 4.822647869586944580e-01
1.000000000000000000e+00 5.225926041603088379e-01
0.000000000000000000e+00 5.081090331077575684e-01
1.000000000000000000e+00 5.158451795578002930e-01
1.000000000000000000e+00 5.090340375900268555e-01
