1.000000000000000000e+00 4.946576356887817383e-01
1.000000000000000000e+00 4.992982447147369385e-01
0.000000000000000000e+00 4.986994862556457520e-01
1.000000000000000000e+00 4.987763464450836182e-01
1.000000000000000000e+00 5.195629596710205078e-01
0.000000000000000000e+00 5.192620158195495605e-01
0.000000000000000000e+00 5.065765976905822754e-01
1.000000000000000000e+00 4.961343109607696533e-01
1.000000000000000000e+00 4.932747781276702881e-01
0.000000000000000000e+00 4.947638213634490967e-01
1.000000000000000000e+00 4.978357553482055664e-01
1.000000000000000000e+00 5.237658023834228516e-01
1.000000000000000000e+00 5.080682039260864258e-01
1.000000000000000000e+00 4.938279390335083008e-01
1.000000000000000000e+00 5.089849233627319336e-01
1.000000000000000000e+00 5.020191669464111328e-01
1.000000000000000000e+00 4.970067441463470459e-01
1.000000000000000000e+00 4.983296394348144531e-01
1.000000000000000000e+00 5.044841170310974121e-01
0.000000000000000000e+00 5.149670243263244629e-01
1.000000000000000000e+00 4.915453791618347168e-01
0.000000000000000000e+00 5.144833326339721680e-01
0.000000000000000000e+00 5.298537015914916992e-01
1.000000000000000000e+00 5.061904191970825195e-01
1.000000000000000000e+00 5.068154335021972656e-01
1.000000000000000000e+00 5.097735524177551270e-01
1.000000000000000000e+00 4.995750188827514648e-01
0.000000000000000000e+00 5.017403364181518555e-01
0.000000000000000000e+00 4.939325749874114990e-01
0.000000000000000000e+00 5.135875344276428223e-01
0.000000000000000000e+00 5.207373499870300293e-01
0.000000000000000000e+00 4.931211471557617188e-01
0.000000000000000000e+00 5.061045289039611816e-01
0.000000000000000000e+00 5.117787718772888184e-01
1.000000000000000000e+00 5.118777751922607422e-01
0.000000000000000000e+00 5.063499212265014648e-01
1.000000000000000000e+00 5.281658768653869629e-01
1.000000000000000000e+00 5.084667205810546875e-01
0.000000000000000000e+00 4.968770444393157959e-01
1.000000000000000000e+00 5.055531859397888184e-01
0.000000000000000000e+00 4.995495676994323730e-01
0.000000000000000000e+00 4.952385425567626953e-01
0.000000000000000000e+00 4.985051751136779785e-01
1.000000000000000000e+00 4.970814287662506104e-01
0.000000000000000000e+00 4.978671371936798096e-01
1.000000000000000000e+00 5.037385821342468262e-01
1.000000000000000000e+00 4.988403320312500000e-01
1.000000000000000000e+00 5.129680037498474121e-01
0.000000000000000000e+00 5.191723704338073730e-01
1.000000000000000000e+00 4.980625212192535400e-01
1.000000000000000000e+00 4.977757036685943604e-01
1.000000000000000000e+00 5.055181384086608887e-01
0.000000000000000000e+00 6.241828203201293945e-01
0.000000000000000000e+00 4.951665699481964111e-01
0.000000000000000000e+00 5.129349827766418457e-01
0.000000000000000000e+00 5.053183436393737793e-01
1.000000000000000000e+00 5.001792311668395996e-01
0.000000000000000000e+00 4.958484768867492676e-01
1.000000000000000000e+00 4.989170730113983154e-01
1.000000000000000000e+00 5.015840530395507812e-01
1.000000000000000000e+00 4.954975545406341553e-01
0.000000000000000000e+00 4.951400458812713623e-01
1.000000000000000000e+00 5.069834589958190918e-01
1.000000000000000000e+00 5.238370895385742188e-01
1.000000000000000000e+00 5.225424170494079590e-01
1.000000000000000000e+00 4.943251013755798340e-01
0.000000000000000000e+00 5.032631754875183105e-01
0.000000000000000000e+00 5.037801265716552734e-01
0.000000000000000000e+00 4.969872534275054932e-01
1.000000000000000000e+00 5.022588372230529785e-01
1.000000000000000000e+00 4.982452094554901123e-01
1.000000000000000000e+00 5.052163600921630859e-01
1.000000000000000000e+00 5.251944661140441895e-01
1.000000000000000000e+00 4.992968738079071045e-01
1.000000000000000000e+00 5.081593394279479980e-01
1.000000000000000000e+00 4.974502027034759521e-01
0.000000000000000000e+00 4.972750246524810791e-01
1.000000000000000000e+00 5.051158070564270020e-01
0.000000000000000000e+00 4.982419013977050781e-01
1.000000000000000000e+00 4.957779049873352051e-01
1.000000000000000000e+00 5.076901912689208984e-01
0.000000000000000000e+00 5.112625956535339355e-01
1.000000000000000000e+00 5.302602052688598633e-01
0.000000000000000000e+00 5.030950307846069336e-01
1.000000000000000000e+00 5.329591631889343262e-01
0.000000000000000000e+00 4.984679818153381348e-01
1.000000000000000000e+00 5.044641494750976562e-01
0.000000000000000000e+00 5.129971504211425781e-01
0.000000000000000000e+00 4.974026978015899658e-01
1.000000000000000000e+00 5.080100893974304199e-01
1.000000000000000000e+00 5.109176039695739746e-01
1.000000000000000000e+00 5.261450409889221191e-01
1.000000000000000000e+00 5.015646815299987793e-01
1.000000000000000000e+00 5.075154900550842285e-01
1.000000000000000000e+00 5.017230510711669922e-01
1.000000000000000000e+00 5.021267533302307129e-01
0.000000000000000000e+00 5.080504417419433594e-01
0.000000000000000000e+00 5.142084360122680664e-01
0.000000000000000000e+00 5.054270029067993164e-01
1.000000000000000000e+00 5.015457868576049805e-01
0.000000000000000000e+00 6.249899268150329590e-01
1.000000000000000000e+00 5.086104273796081543e-01
0.000000000000000000e+00 4.960057437419891357e-01
1.000000000000000000e+00 5.162081122398376465e-01
0.000000000000000000e+00 5.171024799346923828e-01
1.000000000000000000e+00 5.027003884315490723e-01
0.000000000000000000e+00 5.003587603569030762e-01
1.000000000000000000e+00 4.984747469425201416e-01
0.000000000000000000e+00 5.218194723129272461e-01
0.000000000000000000e+00 5.022301077842712402e-01
0.000000000000000000e+00 5.064678192138671875e-01
0.000000000000000000e+00 4.961675703525543213e-01
0.000000000000000000e+00 5.147003531455993652e-01
1.000000000000000000e+00 5.035617351531982422e-01
0.000000000000000000e+00 4.948903322219848633e-01
1.000000000000000000e+00 5.249816179275512695e-01
1.000000000000000000e+00 5.170027017593383789e-01
0.000000000000000000e+00 5.090469717979431152e-01
0.000000000000000000e+00 4.960050582885742188e-01
1.000000000000000000e+00 5.027953982353210449e-01
1.000000000000000000e+00 4.931452572345733643e-01
0.000000000000000000e+00 5.005607008934020996e-01
0.000000000000000000e+00 5.084934830665588379e-01
1.000000000000000000e+00 5.012796521186828613e-01
0.000000000000000000e+00 5.014341473579406738e-01
1.000000000000000000e+00 5.037102103233337402e-01
1.000000000000000000e+00 5.088478326797485352e-01
0.000000000000000000e+00 5.004171729087829590e-01
0.000000000000000000e+00 5.043845772743225098e-01
0.000000000000000000e+00 5.115275979042053223e-01
0.000000000000000000e+00 5.298010706901550293e-01
1.000000000000000000e+00 4.987022578716278076e-01
1.000000000000000000e+00 5.152671933174133301e-01
0.000000000000000000e+00 5.006223320960998535e-01
0.000000000000000000e+00 4.982910454273223877e-01
1.000000000000000000e+00 5.184959173202514648e-01
1.000000000000000000e+00 5.076797008514404297e-01
1.000000000000000000e+00 4.966788589954376221e-01
0.000000000000000000e+00 4.990977346897125244e-01
0.000000000000000000e+00 4.973466694355010986e-01
1.000000000000000000e+00 5.046596527099609375e-01
0.000000000000000000e+00 5.090790987014770508e-01
1.000000000000000000e+00 5.314250588417053223e-01
1.000000000000000000e+00 5.153244733810424805e-01
1.000000000000000000e+00 5.063012838363647461e-01
0.000000000000000000e+00 5.072805881500244141e-01
1.000000000000000000e+00 5.043660402297973633e-01
1.000000000000000000e+00 5.104297995567321777e-01
0.000000000000000000e+00 5.104777812957763672e-01
0.000000000000000000e+00 5.088015794754028320e-01
0.000000000000000000e+00 5.059385299682617188e-01
1.000000000000000000e+00 5.061516761779785156e-01
0.000000000000000000e+00 5.106437802314758301e-01
1.000000000000000000e+00 5.013022422790527344e-01
1.000000000000000000e+00 5.029919147491455078e-01
1.000000000000000000e+00 5.221607685089111328e-01
0.000000000000000000e+00 4.971514940261840820e-01
1.000000000000000000e+00 5.710247755050659180e-01
0.000000000000000000e+00 5.185461640357971191e-01
0.000000000000000000e+00 5.190604329109191895e-01
1.000000000000000000e+00 5.057284832000732422e-01
1.000000000000000000e+00 5.018224120140075684e-01
0.000000000000000000e+00 4.979836940765380859e-01
1.000000000000000000e+00 5.128046870231628418e-01
0.000000000000000000e+00 4.952364265918731689e-01
0.000000000000000000e+00 5.018765330314636230e-01
0.000000000000000000e+00 5.005515217781066895e-01
1.000000000000000000e+00 5.084770917892456055e-01
1.000000000000000000e+00 5.028209090232849121e-01
1.000000000000000000e+00 4.970714151859283447e-01
0.000000000000000000e+00 5.114898681640625000e-01
0.000000000000000000e+00 5.119593739509582520e-01
1.000000000000000000e+00 4.978723824024200439e-01
1.000000000000000000e+00 5.018550157546997070e-01
0.000000000000000000e+00 5.010647177696228027e-01
0.000000000000000000e+00 5.003956556320190430e-01
1.000000000000000000e+00 4.941594600677490234e-01
0.000000000000000000e+00 5.422822237014770508e-01
0.000000000000000000e+00 5.029641389846801758e-01
0.000000000000000000e+00 4.940197765827178955e-01
1.000000000000000000e+00 5.065459012985229492e-01
0.000000000000000000e+00 5.005129575729370117e-01
1.000000000000000000e+00 5.124019980430603027e-01
1.000000000000000000e+00 4.998932182788848877e-01
1.000000000000000000e+00 4.963953495025634766e-01
0.000000000000000000e+00 4.958202242851257324e-01
